<?xml version="1.0" encoding="utf-8"?>
<COLLADA xmlns="http://www.collada.org/2005/11/COLLADASchema" version="1.4.1">
  <asset>
    <contributor>
      <author>Mixamo</author>
      <authoring_tool>COLLADA Mixamo exporter</authoring_tool>
      <comments/>
    </contributor>
    <created>2022-11-27T23:53:07Z</created>
    <modified>2022-11-27T23:53:07Z</modified>
    <revision/>
    <title/>
    <unit meter="0.010000"/>
    <up_axis>Y_UP</up_axis>
  </asset>
  <library_animations>
    <animation id="mixamorig_Hips-anim" name="mixamorig_Hips">
      <source id="mixamorig_Hips-Matrix-animation-input">
        <float_array id="mixamorig_Hips-Matrix-animation-input-array" count="66">

0.000000 0.033333 0.066667 0.100000 0.133333 0.166667 0.200000 0.233333 0.266667 0.300000 0.333333 0.366667 0.400000 0.433333 0.466667 0.500000
0.533333 0.566667 0.600000 0.633333 0.666667 0.700000 0.733333 0.766667 0.800000 0.833333 0.866667 0.900000 0.933333 0.966667 1.000000 1.033333
1.066667 1.100000 1.133333 1.166667 1.200000 1.233333 1.266667 1.300000 1.333333 1.366667 1.400000 1.433333 1.466667 1.500000 1.533333 1.566667
1.600000 1.633333 1.666667 1.700000 1.733333 1.766667 1.800000 1.833333 1.866667 1.900000 1.933333 1.966667 2.000000 2.033333 2.066667 2.100000
2.133333 2.166667</float_array>
        <technique_common>
          <accessor source="#mixamorig_Hips-Matrix-animation-input-array" count="66">
            <param name="TIME" type="float"/>
          </accessor>
        </technique_common>
      </source>
      <source id="mixamorig_Hips-Matrix-animation-output-transform">
        <float_array id="mixamorig_Hips-Matrix-animation-output-transform-array" count="1056">

0.521746 -0.062064 -0.850840 0.184751 0.073345 0.996921 -0.027743 105.219284 0.849942 -0.047931 0.524692 0.169397 0.000000 0.000000 0.000000 1.000000
0.526691 -0.052726 -0.848420 -0.099238 0.063702 0.997716 -0.022458 105.637688 0.847667 -0.042217 0.528847 0.485243 0.000000 0.000000 0.000000 1.000000
0.538712 -0.040676 -0.841507 -0.881631 0.051406 0.998560 -0.015359 106.732368 0.840920 -0.034984 0.540027 1.279021 0.000000 0.000000 0.000000 1.000000
0.556019 -0.027086 -0.830728 -1.999030 0.037945 0.999254 -0.007184 108.329613 0.830303 -0.027527 0.556632 2.383887 0.000000 0.000000 0.000000 1.000000
0.576847 -0.012908 -0.816750 -3.285669 0.024331 0.999703 0.001385 110.222145 0.816489 -0.020671 0.576990 3.640736 0.000000 0.000000 0.000000 1.000000
0.599499 0.000617 -0.800376 -4.574016 0.012008 0.999880 0.009765 112.200706 0.800286 -0.015465 0.599419 4.877226 0.000000 0.000000 0.000000 1.000000
0.626138 0.011711 -0.779625 -5.786944 0.003799 0.999830 0.018070 114.381454 0.779703 -0.014276 0.625986 5.999713 0.000000 0.000000 0.000000 1.000000
0.659617 0.015735 -0.751438 -6.851811 0.001313 0.999755 0.022087 116.082275 0.751601 -0.015556 0.659434 6.981681 0.000000 0.000000 0.000000 1.000000
0.692579 0.014580 -0.721195 -7.648305 0.001113 0.999773 0.021280 117.112221 0.721341 -0.015541 0.692405 7.809747 0.000000 0.000000 0.000000 1.000000
0.722490 0.014187 -0.691235 -8.275467 -0.000345 0.999797 0.020159 117.150391 0.691381 -0.014326 0.722348 8.528035 0.000000 0.000000 0.000000 1.000000
0.749385 -0.000388 -0.662134 -8.500613 0.015602 0.999733 0.017072 116.157814 0.661950 -0.023124 0.749191 9.148932 0.000000 0.000000 0.000000 1.000000
0.777135 -0.032710 -0.628483 -8.291046 0.041002 0.999158 -0.001302 113.913803 0.627997 -0.024757 0.777822 9.626276 0.000000 0.000000 0.000000 1.000000
0.806162 -0.044938 -0.589986 -8.230843 0.051267 0.998667 -0.006015 110.330750 0.589470 -0.025398 0.807391 9.852628 0.000000 0.000000 0.000000 1.000000
0.832590 -0.058696 -0.550771 -8.236109 0.060872 0.998043 -0.014343 105.675407 0.550535 -0.021584 0.834533 9.761827 0.000000 0.000000 0.000000 1.000000
0.862942 -0.076924 -0.499413 -8.368628 0.074186 0.996922 -0.025367 100.338264 0.499827 -0.015159 0.865992 9.299687 0.000000 0.000000 0.000000 1.000000
0.896326 -0.097098 -0.432633 -8.722179 0.087947 0.995274 -0.041165 94.245735 0.434585 -0.001151 0.900630 8.415686 0.000000 0.000000 0.000000 1.000000
0.926082 -0.119227 -0.357990 -9.108035 0.102275 0.992565 -0.065995 88.230904 0.363197 0.024503 0.931390 7.366103 0.000000 0.000000 0.000000 1.000000
0.940990 -0.148036 -0.304342 -9.281002 0.122557 0.987279 -0.101293 82.927681 0.315465 0.058017 0.947162 6.291204 0.000000 0.000000 0.000000 1.000000
0.948550 -0.167480 -0.268707 -9.446067 0.134819 0.981515 -0.135840 78.726448 0.286490 0.092624 0.953595 5.338691 0.000000 0.000000 0.000000 1.000000
0.955718 -0.161779 -0.245827 -9.512210 0.135076 0.983300 -0.121966 75.467537 0.261454 0.083360 0.961610 5.026181 0.000000 0.000000 0.000000 1.000000
0.965194 -0.150818 -0.213671 -9.454902 0.133707 0.986697 -0.092473 72.795433 0.224775 0.060685 0.972519 5.064632 0.000000 0.000000 0.000000 1.000000
0.970099 -0.144291 -0.195159 -9.339618 0.132786 0.988607 -0.070876 70.536690 0.203162 0.042842 0.978207 4.889653 0.000000 0.000000 0.000000 1.000000
0.971151 -0.140773 -0.192481 -9.039663 0.131308 0.989454 -0.061143 68.865936 0.199059 0.034104 0.979394 4.543938 0.000000 0.000000 0.000000 1.000000
0.973433 -0.136287 -0.183995 -8.869384 0.128145 0.990201 -0.055498 67.827179 0.189756 0.030446 0.981359 4.435649 0.000000 0.000000 0.000000 1.000000
0.974337 -0.135939 -0.179409 -8.759005 0.129699 0.990480 -0.046121 67.015083 0.183971 0.021669 0.982693 4.321971 0.000000 0.000000 0.000000 1.000000
0.974063 -0.137498 -0.179712 -8.634156 0.131451 0.990292 -0.045197 66.535606 0.184182 0.020401 0.982680 4.245043 0.000000 0.000000 0.000000 1.000000
0.974031 -0.139182 -0.178584 -8.537908 0.133350 0.990078 -0.044317 66.424782 0.182980 0.019352 0.982926 4.266366 0.000000 0.000000 0.000000 1.000000
0.974613 -0.138054 -0.176266 -8.431117 0.132159 0.990215 -0.044811 66.771866 0.180728 0.020378 0.983322 4.329442 0.000000 0.000000 0.000000 1.000000
0.976761 -0.132010 -0.168853 -8.348063 0.126609 0.991046 -0.042411 67.361931 0.172939 0.020047 0.984728 4.348441 0.000000 0.000000 0.000000 1.000000
0.978670 -0.130533 -0.158640 -8.323297 0.125455 0.991224 -0.041656 68.125854 0.162686 0.020866 0.986457 4.401974 0.000000 0.000000 0.000000 1.000000
0.978143 -0.131759 -0.160861 -8.425070 0.124710 0.990766 -0.053200 69.100655 0.166385 0.031976 0.985542 4.577689 0.000000 0.000000 0.000000 1.000000
0.978593 -0.133842 -0.156340 -8.553808 0.125057 0.990032 -0.064787 70.475197 0.163453 0.043849 0.985576 4.884422 0.000000 0.000000 0.000000 1.000000
0.982284 -0.121162 -0.142959 -8.929312 0.111602 0.991059 -0.073121 72.581253 0.150540 0.055871 0.987024 5.569238 0.000000 0.000000 0.000000 1.000000
0.988181 -0.102815 -0.113700 -9.551998 0.096315 0.993463 -0.061270 75.857285 0.119257 0.049595 0.991624 6.986639 0.000000 0.000000 0.000000 1.000000
0.993421 -0.083542 -0.078329 -10.228067 0.081150 0.996147 -0.033242 80.095810 0.080804 0.026667 0.996373 9.031992 0.000000 0.000000 0.000000 1.000000
0.996914 -0.056982 -0.053996 -10.662462 0.057064 0.998371 -0.000022 84.998520 0.053910 -0.003059 0.998541 11.344316 0.000000 0.000000 0.000000 1.000000
0.997370 -0.034806 -0.063569 -10.803020 0.035578 0.999306 0.011050 90.470680 0.063140 -0.013283 0.997916 13.588447 0.000000 0.000000 0.000000 1.000000
0.993662 -0.014673 -0.111451 -10.732841 0.016130 0.999796 0.012183 96.183113 0.111249 -0.013904 0.993695 15.429542 0.000000 0.000000 0.000000 1.000000
0.984521 0.003203 -0.175240 -10.498295 -0.001947 0.999971 0.007336 101.040390 0.175258 -0.006881 0.984498 16.678379 0.000000 0.000000 0.000000 1.000000
0.970140 0.008255 -0.242404 -10.063204 -0.009093 0.999956 -0.002337 105.261307 0.242374 0.004472 0.970173 17.814928 0.000000 0.000000 0.000000 1.000000
0.954473 0.021103 -0.297550 -9.896180 -0.025172 0.999635 -0.009852 110.227898 0.297234 0.016894 0.954655 19.338663 0.000000 0.000000 0.000000 1.000000
0.944255 0.031563 -0.327699 -10.132368 -0.039223 0.999089 -0.016791 114.915802 0.326871 0.028708 0.944633 20.840494 0.000000 0.000000 0.000000 1.000000
0.945066 0.032646 -0.325244 -10.443268 -0.041144 0.998967 -0.019284 118.332878 0.324279 0.031607 0.945433 21.961761 0.000000 0.000000 0.000000 1.000000
0.951036 0.037345 -0.306815 -10.784748 -0.041573 0.999109 -0.007253 120.711456 0.306271 0.019653 0.951741 22.722126 0.000000 0.000000 0.000000 1.000000
0.952333 0.043286 -0.301973 -11.108834 -0.044535 0.999004 0.002749 122.097992 0.301791 0.010830 0.953312 23.238928 0.000000 0.000000 0.000000 1.000000
0.942286 0.047792 -0.331381 -11.296614 -0.046973 0.998841 0.010485 122.668839 0.331498 0.005686 0.943439 23.565552 0.000000 0.000000 0.000000 1.000000
0.921746 0.050924 -0.384435 -11.204169 -0.045986 0.998699 0.022034 122.618248 0.385057 -0.002631 0.922889 23.564417 0.000000 0.000000 0.000000 1.000000
0.891895 0.052125 -0.449228 -10.843460 -0.042010 0.998590 0.032462 122.024162 0.450286 -0.010081 0.892827 23.240824 0.000000 0.000000 0.000000 1.000000
0.856527 0.046493 -0.514004 -10.230047 -0.032375 0.998813 0.036396 120.941467 0.515086 -0.014534 0.857015 22.559998 0.000000 0.000000 0.000000 1.000000
0.817351 0.034432 -0.575110 -9.363163 -0.016885 0.999215 0.035828 119.611130 0.575893 -0.019573 0.817291 21.629385 0.000000 0.000000 0.000000 1.000000
0.774402 0.020316 -0.632367 -8.321251 -0.004332 0.999631 0.026810 118.000107 0.632679 -0.018023 0.774205 20.441332 0.000000 0.000000 0.000000 1.000000
0.728584 0.011182 -0.684865 -7.318479 0.001313 0.999842 0.017721 116.293076 0.684955 -0.013810 0.728454 19.143085 0.000000 0.000000 0.000000 1.000000
0.683120 0.000932 -0.730306 -6.349535 0.008369 0.999924 0.009105 113.896538 0.730258 -0.012331 0.683060 17.736597 0.000000 0.000000 0.000000 1.000000
0.638622 -0.013355 -0.769405 -5.420408 0.021364 0.999772 0.000378 111.513245 0.769224 -0.016679 0.638761 16.135660 0.000000 0.000000 0.000000 1.000000
0.595631 -0.024749 -0.802877 -4.510327 0.033603 0.999418 -0.005879 109.093376 0.802555 -0.023477 0.596116 14.170017 0.000000 0.000000 0.000000 1.000000
0.560301 -0.027184 -0.827843 -3.708621 0.041906 0.999112 -0.004446 106.960327 0.827228 -0.032200 0.560943 12.194707 0.000000 0.000000 0.000000 1.000000
0.543794 -0.027358 -0.838773 -3.214598 0.049961 0.998751 -0.000184 105.225563 0.837730 -0.041806 0.544482 10.275815 0.000000 0.000000 0.000000 1.000000
0.539656 -0.030824 -0.841321 -2.873942 0.053112 0.998585 -0.002518 103.938065 0.840209 -0.043326 0.540530 8.345488 0.000000 0.000000 0.000000 1.000000
0.537358 -0.034655 -0.842642 -2.426279 0.053154 0.998561 -0.007171 103.141136 0.841678 -0.040936 0.538426 6.603082 0.000000 0.000000 0.000000 1.000000
0.536491 -0.038858 -0.843011 -2.084285 0.057409 0.998306 -0.009481 102.879868 0.841951 -0.043310 0.537812 5.083722 0.000000 0.000000 0.000000 1.000000
0.535238 -0.044357 -0.843536 -1.607452 0.061856 0.997997 -0.013230 103.284462 0.842433 -0.045097 0.536910 3.806488 0.000000 0.000000 0.000000 1.000000
0.531910 -0.049971 -0.845325 -1.064070 0.065797 0.997678 -0.017575 103.821259 0.844241 -0.046272 0.533963 2.584043 0.000000 0.000000 0.000000 1.000000
0.527659 -0.055167 -0.847663 -0.536579 0.069182 0.997365 -0.021844 104.392380 0.846634 -0.047117 0.530085 1.512089 0.000000 0.000000 0.000000 1.000000
0.523659 -0.059277 -0.849863 -0.105045 0.071707 0.997103 -0.025363 104.885132 0.848905 -0.047660 0.526392 0.694338 0.000000 0.000000 0.000000 1.000000
0.521089 -0.061705 -0.851269 0.149721 0.073134 0.996943 -0.027497 105.187416 0.850364 -0.047928 0.524008 0.233050 0.000000 0.000000 0.000000 1.000000
0.521746 -0.062063 -0.850840 0.184763 0.073345 0.996921 -0.027743 105.219360 0.849942 -0.047930 0.524691 0.169410 0.000000 0.000000 0.000000 1.000000</float_array>
        <technique_common>
          <accessor source="#mixamorig_Hips-Matrix-animation-output-transform-array" count="66" stride="16">
            <param type="float4x4"/>
          </accessor>
        </technique_common>
      </source>
      <source id="mixamorig_Hips-Interpolations">
        <Name_array id="mixamorig_Hips-Interpolations-array" count="66">
 LINEAR LINEAR LINEAR LINEAR LINEAR LINEAR LINEAR LINEAR LINEAR LINEAR LINEAR
LINEAR LINEAR LINEAR LINEAR LINEAR LINEAR LINEAR LINEAR LINEAR LINEAR LINEAR LINEAR
LINEAR LINEAR LINEAR LINEAR LINEAR LINEAR LINEAR LINEAR LINEAR LINEAR LINEAR LINEAR
LINEAR LINEAR LINEAR LINEAR LINEAR LINEAR LINEAR LINEAR LINEAR LINEAR LINEAR LINEAR
LINEAR LINEAR LINEAR LINEAR LINEAR LINEAR LINEAR LINEAR LINEAR LINEAR LINEAR LINEAR
LINEAR LINEAR LINEAR LINEAR LINEAR LINEAR LINEAR</Name_array>
        <technique_common>
          <accessor source="#mixamorig_Hips-Interpolations-array" count="66">
            <param type="name"/>
          </accessor>
        </technique_common>
      </source>
      <sampler id="mixamorig_Hips-Matrix-animation-transform">
        <input semantic="INPUT" source="#mixamorig_Hips-Matrix-animation-input"/>
        <input semantic="OUTPUT" source="#mixamorig_Hips-Matrix-animation-output-transform"/>
        <input semantic="INTERPOLATION" source="#mixamorig_Hips-Interpolations"/>
      </sampler>
      <channel source="#mixamorig_Hips-Matrix-animation-transform" target="mixamorig_Hips/matrix"/>
    </animation>
    <animation id="mixamorig_Spine-anim" name="mixamorig_Spine">
      <source id="mixamorig_Spine-Matrix-animation-input">
        <float_array id="mixamorig_Spine-Matrix-animation-input-array" count="66">

0.000000 0.033333 0.066667 0.100000 0.133333 0.166667 0.200000 0.233333 0.266667 0.300000 0.333333 0.366667 0.400000 0.433333 0.466667 0.500000
0.533333 0.566667 0.600000 0.633333 0.666667 0.700000 0.733333 0.766667 0.800000 0.833333 0.866667 0.900000 0.933333 0.966667 1.000000 1.033333
1.066667 1.100000 1.133333 1.166667 1.200000 1.233333 1.266667 1.300000 1.333333 1.366667 1.400000 1.433333 1.466667 1.500000 1.533333 1.566667
1.600000 1.633333 1.666667 1.700000 1.733333 1.766667 1.800000 1.833333 1.866667 1.900000 1.933333 1.966667 2.000000 2.033333 2.066667 2.100000
2.133333 2.166667</float_array>
        <technique_common>
          <accessor source="#mixamorig_Spine-Matrix-animation-input-array" count="66">
            <param name="TIME" type="float"/>
          </accessor>
        </technique_common>
      </source>
      <source id="mixamorig_Spine-Matrix-animation-output-transform">
        <float_array id="mixamorig_Spine-Matrix-animation-output-transform-array" count="1056">

0.998630 0.052228 0.003331 -0.000900 -0.050904 0.984147 -0.169894 9.938600 -0.012152 0.169492 0.985457 0.799700 0.000000 0.000000 0.000000 1.000000
0.998969 0.045384 0.001412 -0.000900 -0.044510 0.984932 -0.167118 9.938600 -0.008975 0.166883 0.985936 0.799700 0.000000 0.000000 0.000000 1.000000
0.999200 0.039750 -0.004370 -0.000900 -0.039925 0.985400 -0.165509 9.938600 -0.002273 0.165552 0.986199 0.799700 0.000000 0.000000 0.000000 1.000000
0.999393 0.034333 -0.005944 -0.000900 -0.034842 0.986251 -0.161540 9.938600 0.000316 0.161650 0.986848 0.799700 0.000000 0.000000 0.000000 1.000000
0.999538 0.030007 -0.004904 -0.000900 -0.030405 0.987281 -0.156051 9.938600 0.000159 0.156128 0.987737 0.799700 0.000000 0.000000 0.000000 1.000000
0.999660 0.025889 -0.003083 -0.000900 -0.026058 0.988249 -0.150617 9.938600 -0.000853 0.150646 0.988587 0.799700 0.000000 0.000000 0.000000 1.000000
0.999774 0.021186 -0.001650 -0.000900 -0.021201 0.989129 -0.145515 9.938600 -0.001451 0.145517 0.989355 0.799700 0.000000 0.000000 0.000000 1.000000
0.999849 0.017384 -0.000020 -0.000900 -0.017212 0.989831 -0.141201 9.938600 -0.002435 0.141180 0.989981 0.799700 0.000000 0.000000 0.000000 1.000000
0.999905 0.013535 0.002536 -0.000900 -0.013059 0.990422 -0.137453 9.938600 -0.004372 0.137407 0.990505 0.799700 0.000000 0.000000 0.000000 1.000000
0.999914 0.009794 0.008709 -0.000900 -0.008517 0.990641 -0.136230 9.938600 -0.009962 0.136144 0.990639 0.799700 0.000000 0.000000 0.000000 1.000000
0.999819 0.011432 0.015194 -0.000900 -0.009202 0.990187 -0.139443 9.938600 -0.016639 0.139278 0.990114 0.799700 0.000000 0.000000 0.000000 1.000000
0.999678 0.015568 0.020036 -0.000900 -0.012645 0.990272 -0.138567 9.938600 -0.021998 0.138269 0.990150 0.799700 0.000000 0.000000 0.000000 1.000000
0.999529 0.017144 0.025456 -0.000900 -0.013326 0.989599 -0.143233 9.938600 -0.027647 0.142826 0.989362 0.799700 0.000000 0.000000 0.000000 1.000000
0.999272 0.020652 0.032085 -0.000900 -0.015731 0.989056 -0.146696 9.938600 -0.034764 0.146085 0.988661 0.799700 0.000000 0.000000 0.000000 1.000000
0.998993 0.027408 0.035520 -0.000900 -0.021823 0.988590 -0.149041 9.938600 -0.039199 0.148116 0.988193 0.799700 0.000000 0.000000 0.000000 1.000000
0.998836 0.032799 0.035373 -0.000900 -0.027209 0.988565 -0.148318 9.938600 -0.039833 0.147183 0.988307 0.799700 0.000000 0.000000 0.000000 1.000000
0.998774 0.036326 0.033618 -0.000900 -0.031113 0.989037 -0.144355 9.938600 -0.038494 0.143132 0.988955 0.799700 0.000000 0.000000 0.000000 1.000000
0.998489 0.044066 0.032842 -0.000900 -0.039073 0.989432 -0.139633 9.938600 -0.038648 0.138139 0.989659 0.799700 0.000000 0.000000 0.000000 1.000000
0.998220 0.049568 0.033156 -0.000900 -0.044557 0.989462 -0.137769 9.938600 -0.039636 0.136046 0.989909 0.799700 0.000000 0.000000 0.000000 1.000000
0.998244 0.047156 0.035844 -0.000900 -0.041544 0.988738 -0.143778 9.938600 -0.042220 0.142036 0.988961 0.799700 0.000000 0.000000 0.000000 1.000000
0.998534 0.042106 0.034000 -0.000900 -0.036776 0.988821 -0.144500 9.938600 -0.039705 0.143038 0.988920 0.799700 0.000000 0.000000 0.000000 1.000000
0.998703 0.039308 0.032368 -0.000900 -0.034099 0.988371 -0.148189 9.938600 -0.037816 0.146893 0.988429 0.799700 0.000000 0.000000 0.000000 1.000000
0.998600 0.037449 0.037353 -0.000900 -0.031752 0.989225 -0.142917 9.938600 -0.042303 0.141531 0.989030 0.799700 0.000000 0.000000 0.000000 1.000000
0.998669 0.034017 0.038762 -0.000900 -0.028621 0.990818 -0.132138 9.938600 -0.042901 0.130852 0.990473 0.799700 0.000000 0.000000 0.000000 1.000000
0.998790 0.033566 0.035937 -0.000900 -0.028809 0.991669 -0.125553 9.938600 -0.039852 0.124366 0.991436 0.799700 0.000000 0.000000 0.000000 1.000000
0.998777 0.033206 0.036637 -0.000900 -0.028760 0.992853 -0.115827 9.938600 -0.040222 0.114632 0.992593 0.799700 0.000000 0.000000 0.000000 1.000000
0.998733 0.032724 0.038240 -0.000900 -0.028545 0.994047 -0.105145 9.938600 -0.041454 0.103920 0.993721 0.799700 0.000000 0.000000 0.000000 1.000000
0.998779 0.030761 0.038667 -0.000900 -0.027043 0.995276 -0.093244 9.938600 -0.041353 0.092085 0.994892 0.799700 0.000000 0.000000 0.000000 1.000000
0.998919 0.025412 0.038937 -0.000900 -0.022062 0.996208 -0.084158 9.938600 -0.040928 0.083208 0.995691 0.799700 0.000000 0.000000 0.000000 1.000000
0.999033 0.024862 0.036258 -0.000900 -0.021936 0.996636 -0.078971 9.938600 -0.038099 0.078099 0.996217 0.799700 0.000000 0.000000 0.000000 1.000000
0.998871 0.025640 0.039998 -0.000900 -0.022802 0.997296 -0.069858 9.938600 -0.041681 0.068867 0.996755 0.799700 0.000000 0.000000 0.000000 1.000000
0.998770 0.028365 0.040658 -0.000900 -0.025690 0.997564 -0.064853 9.938600 -0.042398 0.063729 0.997066 0.799700 0.000000 0.000000 0.000000 1.000000
0.998951 0.027450 0.036641 -0.000900 -0.025303 0.998005 -0.057838 9.938600 -0.038155 0.056850 0.997653 0.799700 0.000000 0.000000 0.000000 1.000000
0.999127 0.025358 0.033193 -0.000900 -0.023567 0.998302 -0.053274 9.938600 -0.034487 0.052445 0.998028 0.799700 0.000000 0.000000 0.000000 1.000000
0.999270 0.025003 0.028888 -0.000900 -0.023228 0.997915 -0.060221 9.938600 -0.030334 0.059506 0.997767 0.799700 0.000000 0.000000 0.000000 1.000000
0.999438 0.021125 0.026015 -0.000900 -0.019171 0.997133 -0.073197 9.938600 -0.027486 0.072657 0.996978 0.799700 0.000000 0.000000 0.000000 1.000000
0.999500 0.018419 0.025698 -0.000900 -0.016397 0.996912 -0.076794 9.938600 -0.027034 0.076334 0.996716 0.799700 0.000000 0.000000 0.000000 1.000000
0.999602 0.011829 0.025609 -0.000900 -0.009856 0.997071 -0.075837 9.938600 -0.026431 0.075555 0.996791 0.799700 0.000000 0.000000 0.000000 1.000000
0.999681 0.001920 0.025190 -0.000900 0.000086 0.996844 -0.079389 9.938600 -0.025263 0.079366 0.996525 0.799700 0.000000 0.000000 0.000000 1.000000
0.999547 -0.005922 0.029500 -0.000900 0.008380 0.996437 -0.083921 9.938600 -0.028898 0.084130 0.996036 0.799700 0.000000 0.000000 0.000000 1.000000
0.999117 -0.019224 0.037349 -0.000900 0.022314 0.996203 -0.084157 9.938600 -0.035589 0.084916 0.995752 0.799700 0.000000 0.000000 0.000000 1.000000
0.998620 -0.028587 0.044052 -0.000900 0.032038 0.996301 -0.079742 9.938600 -0.041609 0.081043 0.995842 0.799700 0.000000 0.000000 0.000000 1.000000
0.998635 -0.031474 0.041682 -0.000900 0.034602 0.996462 -0.076590 9.938600 -0.039124 0.077927 0.996191 0.799700 0.000000 0.000000 0.000000 1.000000
0.998908 -0.032535 0.033545 -0.000900 0.035066 0.996349 -0.077835 9.938600 -0.030890 0.078926 0.996402 0.799700 0.000000 0.000000 0.000000 1.000000
0.999103 -0.032451 0.027211 -0.000900 0.034451 0.996469 -0.076565 9.938600 -0.024631 0.077433 0.996693 0.799700 0.000000 0.000000 0.000000 1.000000
0.999121 -0.032208 0.026845 -0.000900 0.034087 0.996767 -0.072759 9.938600 -0.024415 0.073610 0.996988 0.799700 0.000000 0.000000 0.000000 1.000000
0.999038 -0.031978 0.029994 -0.000900 0.034088 0.996769 -0.072725 9.938600 -0.027571 0.073677 0.996901 0.799700 0.000000 0.000000 0.000000 1.000000
0.998884 -0.031530 0.035171 -0.000900 0.034131 0.996525 -0.075986 9.938600 -0.032653 0.077102 0.996488 0.799700 0.000000 0.000000 0.000000 1.000000
0.998797 -0.029502 0.039178 -0.000900 0.032596 0.996194 -0.080843 9.938600 -0.036643 0.082023 0.995957 0.799700 0.000000 0.000000 0.000000 1.000000
0.998792 -0.025791 0.041829 -0.000900 0.029368 0.995751 -0.087276 9.938600 -0.039400 0.088399 0.995306 0.799700 0.000000 0.000000 0.000000 1.000000
0.998813 -0.022963 0.042957 -0.000900 0.026880 0.995307 -0.092956 9.938600 -0.040620 0.094000 0.994743 0.799700 0.000000 0.000000 0.000000 1.000000
0.998839 -0.021577 0.043081 -0.000900 0.025763 0.994742 -0.099120 9.938600 -0.040716 0.100115 0.994142 0.799700 0.000000 0.000000 0.000000 1.000000
0.998824 -0.019557 0.044359 -0.000900 0.024144 0.994141 -0.105363 9.938600 -0.042038 0.106311 0.993444 0.799700 0.000000 0.000000 0.000000 1.000000
0.998967 -0.012961 0.043562 -0.000900 0.017755 0.993603 -0.111522 9.938600 -0.041838 0.112180 0.992807 0.799700 0.000000 0.000000 0.000000 1.000000
0.999130 -0.003891 0.041533 -0.000900 0.008855 0.992731 -0.120027 9.938600 -0.040764 0.120290 0.991901 0.799700 0.000000 0.000000 0.000000 1.000000
0.999252 0.003985 0.038465 -0.000900 0.001066 0.991462 -0.130393 9.938600 -0.038656 0.130336 0.990716 0.799700 0.000000 0.000000 0.000000 1.000000
0.999366 0.013075 0.033107 -0.000900 -0.008334 0.990189 -0.139487 9.938600 -0.034606 0.139123 0.989670 0.799700 0.000000 0.000000 0.000000 1.000000
0.999427 0.020188 0.027151 -0.000900 -0.016070 0.989423 -0.144167 9.938600 -0.029775 0.143648 0.989181 0.799700 0.000000 0.000000 0.000000 1.000000
0.999417 0.025267 0.022960 -0.000900 -0.021571 0.988607 -0.148963 9.938600 -0.026462 0.148381 0.988576 0.799700 0.000000 0.000000 0.000000 1.000000
0.999267 0.032545 0.020154 -0.000900 -0.029058 0.987634 -0.154063 9.938600 -0.024919 0.153365 0.987855 0.799700 0.000000 0.000000 0.000000 1.000000
0.999146 0.037984 0.016252 -0.000900 -0.034944 0.986804 -0.158104 9.938600 -0.022043 0.157401 0.987289 0.799700 0.000000 0.000000 0.000000 1.000000
0.999054 0.041726 0.012291 -0.000900 -0.039188 0.986014 -0.161992 9.938600 -0.018878 0.161357 0.986715 0.799700 0.000000 0.000000 0.000000 1.000000
0.998877 0.046691 0.007997 -0.000900 -0.044734 0.985276 -0.165015 9.938600 -0.015584 0.164472 0.986259 0.799700 0.000000 0.000000 0.000000 1.000000
0.998703 0.050656 0.005196 -0.000900 -0.049076 0.984707 -0.167161 9.938600 -0.013584 0.166690 0.985916 0.799700 0.000000 0.000000 0.000000 1.000000
0.998640 0.051977 0.003952 -0.000900 -0.050571 0.984440 -0.168284 9.938600 -0.012638 0.167856 0.985731 0.799700 0.000000 0.000000 0.000000 1.000000
0.998630 0.052227 0.003332 -0.000900 -0.050903 0.984147 -0.169895 9.938600 -0.012153 0.169492 0.985457 0.799700 0.000000 0.000000 0.000000 1.000000</float_array>
        <technique_common>
          <accessor source="#mixamorig_Spine-Matrix-animation-output-transform-array" count="66" stride="16">
            <param type="float4x4"/>
          </accessor>
        </technique_common>
      </source>
      <source id="mixamorig_Spine-Interpolations">
        <Name_array id="mixamorig_Spine-Interpolations-array" count="66">
 LINEAR LINEAR LINEAR LINEAR LINEAR LINEAR LINEAR LINEAR LINEAR LINEAR LINEAR
LINEAR LINEAR LINEAR LINEAR LINEAR LINEAR LINEAR LINEAR LINEAR LINEAR LINEAR LINEAR
LINEAR LINEAR LINEAR LINEAR LINEAR LINEAR LINEAR LINEAR LINEAR LINEAR LINEAR LINEAR
LINEAR LINEAR LINEAR LINEAR LINEAR LINEAR LINEAR LINEAR LINEAR LINEAR LINEAR LINEAR
LINEAR LINEAR LINEAR LINEAR LINEAR LINEAR LINEAR LINEAR LINEAR LINEAR LINEAR LINEAR
LINEAR LINEAR LINEAR LINEAR LINEAR LINEAR LINEAR</Name_array>
        <technique_common>
          <accessor source="#mixamorig_Spine-Interpolations-array" count="66">
            <param type="name"/>
          </accessor>
        </technique_common>
      </source>
      <sampler id="mixamorig_Spine-Matrix-animation-transform">
        <input semantic="INPUT" source="#mixamorig_Spine-Matrix-animation-input"/>
        <input semantic="OUTPUT" source="#mixamorig_Spine-Matrix-animation-output-transform"/>
        <input semantic="INTERPOLATION" source="#mixamorig_Spine-Interpolations"/>
      </sampler>
      <channel source="#mixamorig_Spine-Matrix-animation-transform" target="mixamorig_Spine/matrix"/>
    </animation>
    <animation id="mixamorig_Spine1-anim" name="mixamorig_Spine1">
      <source id="mixamorig_Spine1-Matrix-animation-input">
        <float_array id="mixamorig_Spine1-Matrix-animation-input-array" count="66">

0.000000 0.033333 0.066667 0.100000 0.133333 0.166667 0.200000 0.233333 0.266667 0.300000 0.333333 0.366667 0.400000 0.433333 0.466667 0.500000
0.533333 0.566667 0.600000 0.633333 0.666667 0.700000 0.733333 0.766667 0.800000 0.833333 0.866667 0.900000 0.933333 0.966667 1.000000 1.033333
1.066667 1.100000 1.133333 1.166667 1.200000 1.233333 1.266667 1.300000 1.333333 1.366667 1.400000 1.433333 1.466667 1.500000 1.533333 1.566667
1.600000 1.633333 1.666667 1.700000 1.733333 1.766667 1.800000 1.833333 1.866667 1.900000 1.933333 1.966667 2.000000 2.033333 2.066667 2.100000
2.133333 2.166667</float_array>
        <technique_common>
          <accessor source="#mixamorig_Spine1-Matrix-animation-input-array" count="66">
            <param name="TIME" type="float"/>
          </accessor>
        </technique_common>
      </source>
      <source id="mixamorig_Spine1-Matrix-animation-output-transform">
        <float_array id="mixamorig_Spine1-Matrix-animation-output-transform-array" count="1056">

0.995240 0.097123 0.007983 0.000000 -0.095932 0.990841 -0.095030 11.597900 -0.017139 0.093811 0.995442 0.000000 0.000000 0.000000 0.000000 1.000000
0.996397 0.084729 0.003682 0.000000 -0.084064 0.992452 -0.089291 11.597900 -0.011220 0.088660 0.995999 0.000000 0.000000 0.000000 0.000000 1.000000
0.997092 0.075723 -0.008566 0.000000 -0.076179 0.993394 -0.085817 11.597900 0.002011 0.086220 0.996274 0.000000 0.000000 0.000000 0.000000 1.000000
0.997660 0.067255 -0.012277 0.000000 -0.068009 0.994653 -0.077721 11.597900 0.006984 0.078374 0.996900 0.000000 0.000000 0.000000 0.000000 1.000000
0.998051 0.061495 -0.010586 0.000000 -0.062066 0.995844 -0.066646 11.597900 0.006444 0.067173 0.997721 0.000000 0.000000 0.000000 0.000000 1.000000
0.998387 0.056319 -0.007120 0.000000 -0.056629 0.996840 -0.055715 11.597900 0.003960 0.056028 0.998421 -0.000000 0.000000 0.000000 0.000000 1.000000
0.998771 0.049373 -0.004290 -0.000000 -0.049518 0.997739 -0.045450 11.597900 0.002037 0.045606 0.998957 0.000000 0.000000 0.000000 0.000000 1.000000
0.999081 0.042837 -0.001103 -0.000000 -0.042848 0.998404 -0.036782 11.597900 -0.000474 0.036795 0.999323 -0.000000 0.000000 0.000000 0.000000 1.000000
0.999359 0.035615 0.003674 0.000000 -0.035492 0.998941 -0.029276 11.597900 -0.004712 0.029127 0.999565 -0.000000 0.000000 0.000000 0.000000 1.000000
0.999517 0.027087 0.015262 0.000000 -0.026669 0.999282 -0.026923 11.597900 -0.015980 0.026503 0.999521 0.000000 0.000000 0.000000 0.000000 1.000000
0.999206 0.028944 0.027388 0.000000 -0.028020 0.999044 -0.033547 11.597900 -0.028333 0.032753 0.999062 -0.000000 0.000000 0.000000 0.000000 1.000000
0.998700 0.036170 0.035905 0.000000 -0.035027 0.998876 -0.031948 11.597900 -0.037020 0.030649 0.998844 -0.000000 0.000000 0.000000 0.000000 1.000000
0.998252 0.038635 0.044729 0.000000 -0.036783 0.998461 -0.041513 11.597900 -0.046264 0.039795 0.998136 0.000000 0.000000 0.000000 0.000000 1.000000
0.997510 0.043488 0.055528 0.000000 -0.040798 0.997980 -0.048688 11.597900 -0.057533 0.046301 0.997269 0.000000 0.000000 0.000000 0.000000 1.000000
0.996778 0.053826 0.059472 0.000000 -0.050658 0.997279 -0.053562 11.597900 -0.062193 0.050377 0.996792 -0.000000 0.000000 0.000000 0.000000 1.000000
0.996638 0.060797 0.054913 -0.000000 -0.057950 0.996963 -0.052035 11.597900 -0.057910 0.048677 0.997134 0.000000 0.000000 0.000000 0.000000 1.000000
0.996931 0.063444 0.045860 0.000000 -0.061442 0.997148 -0.043816 11.597900 -0.048509 0.040864 0.997986 -0.000000 0.000000 0.000000 0.000000 1.000000
0.996482 0.074038 0.039273 0.000000 -0.072711 0.996767 -0.034193 11.597900 -0.041678 0.031217 0.998643 -0.000000 0.000000 0.000000 0.000000 1.000000
0.996094 0.080943 0.035294 -0.000000 -0.079817 0.996289 -0.032203 11.597900 -0.037769 0.029260 0.998858 -0.000000 0.000000 0.000000 0.000000 1.000000
0.996505 0.076260 0.034097 0.000000 -0.074192 0.995539 -0.058288 11.597900 -0.038390 0.055554 0.997717 0.000000 0.000000 0.000000 0.000000 1.000000
0.997367 0.069001 0.022324 -0.000000 -0.066862 0.994095 -0.085472 11.597900 -0.028090 0.083754 0.996090 -0.000000 0.000000 0.000000 0.000000 1.000000
0.997766 0.065798 0.011553 0.000000 -0.063781 0.989697 -0.128186 11.597900 -0.019868 0.127163 0.991683 -0.000000 0.000000 0.000000 0.000000 1.000000
0.997737 0.065389 0.015635 0.000000 -0.062052 0.985129 -0.160218 11.597900 -0.025879 0.158886 0.986958 0.000000 0.000000 0.000000 0.000000 1.000000
0.997974 0.062289 0.012968 -0.000000 -0.058796 0.980765 -0.186128 11.597900 -0.024312 0.184989 0.982440 0.000000 0.000000 0.000000 0.000000 1.000000
0.997951 0.063968 0.001525 0.000000 -0.062020 0.972887 -0.222810 11.597900 -0.015736 0.222258 0.974861 -0.000000 0.000000 0.000000 0.000000 1.000000
0.997782 0.066538 -0.001851 0.000000 -0.064830 0.965117 -0.253667 11.597900 -0.015092 0.253224 0.967290 0.000000 0.000000 0.000000 0.000000 1.000000
0.997579 0.069486 -0.002829 0.000000 -0.067483 0.957392 -0.280795 11.597900 -0.016803 0.280306 0.959764 0.000000 0.000000 0.000000 0.000000 1.000000
0.997609 0.068990 -0.004103 -0.000000 -0.067012 0.951079 -0.301594 11.597900 -0.016905 0.301147 0.953428 -0.000000 0.000000 0.000000 0.000000 1.000000
0.998096 0.061611 -0.002866 0.000000 -0.059254 0.944945 -0.321819 11.597900 -0.017120 0.321376 0.946797 0.000000 0.000000 0.000000 0.000000 1.000000
0.998093 0.061041 -0.009181 -0.000000 -0.060509 0.938105 -0.341024 11.597900 -0.012203 0.340930 0.940010 0.000000 0.000000 0.000000 0.000000 1.000000
0.997749 0.067011 -0.002485 0.000000 -0.063805 0.937304 -0.342622 11.597900 -0.020631 0.342009 0.939470 0.000000 0.000000 0.000000 0.000000 1.000000
0.997308 0.073310 -0.001801 -0.000000 -0.069565 0.938024 -0.339516 11.597900 -0.023201 0.338727 0.940599 -0.000000 0.000000 0.000000 0.000000 1.000000
0.997572 0.069411 -0.005631 -0.000000 -0.067592 0.945621 -0.318170 11.597900 -0.016760 0.317778 0.948017 0.000000 0.000000 0.000000 0.000000 1.000000
0.997861 0.065104 -0.005921 0.000000 -0.064168 0.958150 -0.278982 11.597900 -0.012489 0.278765 0.960278 -0.000000 0.000000 0.000000 0.000000 1.000000
0.997985 0.063255 -0.004914 0.000000 -0.062828 0.974530 -0.215278 11.597900 -0.008828 0.215153 0.976540 -0.000000 0.000000 0.000000 0.000000 1.000000
0.998488 0.054899 0.002755 0.000000 -0.053967 0.988598 -0.140573 11.597900 -0.010441 0.140212 0.990066 -0.000000 0.000000 0.000000 0.000000 1.000000
0.998688 0.048913 0.015162 0.000000 -0.047988 0.997256 -0.056365 11.597900 -0.017877 0.055564 0.998295 0.000000 0.000000 0.000000 0.000000 1.000000
0.998972 0.037265 0.025815 -0.000000 -0.037302 0.999304 0.000943 11.597900 -0.025762 -0.001905 0.999666 -0.000000 0.000000 0.000000 0.000000 1.000000
0.999286 0.019045 0.032639 0.000000 -0.020063 0.999313 0.031163 11.597900 -0.032023 -0.031795 0.998981 0.000000 0.000000 0.000000 0.000000 1.000000
0.998911 0.004026 0.046480 0.000000 -0.006261 0.998826 0.048042 11.597900 -0.046232 -0.048281 0.997763 -0.000000 0.000000 0.000000 0.000000 1.000000
0.997593 -0.020469 0.066252 0.000000 0.016211 0.997807 0.064173 11.597900 -0.067420 -0.062945 0.995737 0.000000 0.000000 0.000000 0.000000 1.000000
0.995937 -0.037240 0.081988 0.000000 0.030484 0.996153 0.082157 11.597900 -0.084732 -0.079324 0.993241 0.000000 0.000000 0.000000 0.000000 1.000000
0.996010 -0.042468 0.078489 0.000000 0.035164 0.995119 0.092199 11.597900 -0.082021 -0.089071 0.992642 0.000000 0.000000 0.000000 0.000000 1.000000
0.997098 -0.042454 0.063185 0.000000 0.036660 0.995250 0.090186 11.597900 -0.066713 -0.087608 0.993919 0.000000 0.000000 0.000000 0.000000 1.000000
0.997832 -0.041518 0.051073 0.000000 0.036650 0.995009 0.092813 11.597900 -0.054672 -0.090740 0.994373 0.000000 0.000000 0.000000 0.000000 1.000000
0.997804 -0.042902 0.050473 0.000000 0.037666 0.994226 0.100476 11.597900 -0.054492 -0.098354 0.993658 0.000000 0.000000 0.000000 0.000000 1.000000
0.997309 -0.046512 0.056662 -0.000000 0.040643 0.994091 0.100654 11.597900 -0.061009 -0.098081 0.993307 -0.000000 0.000000 0.000000 0.000000 1.000000
0.996520 -0.049748 0.066883 -0.000000 0.043325 0.994603 0.094275 11.597900 -0.071212 -0.091050 0.993297 -0.000000 0.000000 0.000000 0.000000 1.000000
0.995993 -0.048908 0.074872 0.000000 0.042520 0.995502 0.084659 11.597900 -0.078676 -0.081136 0.993593 0.000000 0.000000 0.000000 0.000000 1.000000
0.995800 -0.043857 0.080364 -0.000000 0.038102 0.996691 0.071796 11.597900 -0.083247 -0.068432 0.994177 -0.000000 0.000000 0.000000 0.000000 1.000000
0.995774 -0.040507 0.082427 -0.000000 0.035573 0.997536 0.060467 11.597900 -0.084674 -0.057280 0.994761 -0.000000 0.000000 0.000000 0.000000 1.000000
0.995923 -0.035512 0.082920 0.000000 0.031607 0.998350 0.047938 11.597900 -0.084486 -0.045122 0.995403 0.000000 0.000000 0.000000 0.000000 1.000000
0.995969 -0.026296 0.085754 0.000000 0.023366 0.999114 0.034999 11.597900 -0.086598 -0.032854 0.995701 -0.000000 0.000000 0.000000 0.000000 1.000000
0.996382 -0.009628 0.084437 0.000000 0.007782 0.999724 0.022169 11.597900 -0.084627 -0.021432 0.996182 0.000000 0.000000 0.000000 0.000000 1.000000
0.996733 0.006527 0.080504 -0.000000 -0.006944 0.999964 0.004902 11.597900 -0.080470 -0.005445 0.996742 -0.000000 0.000000 0.000000 0.000000 1.000000
0.997021 0.019626 0.074589 0.000000 -0.018481 0.999701 -0.016010 11.597900 -0.074881 0.014584 0.997086 0.000000 0.000000 0.000000 0.000000 1.000000
0.997297 0.035749 0.064194 0.000000 -0.033593 0.998845 -0.034355 11.597900 -0.065348 0.032106 0.997346 -0.000000 0.000000 0.000000 0.000000 1.000000
0.997480 0.047789 0.052446 0.000000 -0.045517 0.998007 -0.043700 11.597900 -0.054430 0.041202 0.997667 -0.000000 0.000000 0.000000 0.000000 1.000000
0.997492 0.055258 0.044237 0.000000 -0.052879 0.997180 -0.053258 11.597900 -0.047055 0.050785 0.997600 0.000000 0.000000 0.000000 0.000000 1.000000
0.996997 0.066868 0.039062 -0.000000 -0.064306 0.995906 -0.063535 11.597900 -0.043150 0.060832 0.997215 0.000000 0.000000 0.000000 0.000000 1.000000
0.996661 0.075222 0.031772 -0.000000 -0.072797 0.994774 -0.071595 11.597900 -0.036992 0.069043 0.996928 0.000000 0.000000 0.000000 0.000000 1.000000
0.996448 0.080613 0.024368 -0.000000 -0.078456 0.993757 -0.079321 11.597900 -0.030611 0.077127 0.996551 0.000000 0.000000 0.000000 0.000000 1.000000
0.995928 0.088640 0.016430 0.000000 -0.086932 0.992555 -0.085312 11.597900 -0.023869 0.083536 0.996219 0.000000 0.000000 0.000000 0.000000 1.000000
0.995406 0.095062 0.011387 -0.000000 -0.093671 0.991566 -0.089571 11.597900 -0.019806 0.088093 0.995915 -0.000000 0.000000 0.000000 0.000000 1.000000
0.995264 0.096770 0.009225 0.000000 -0.095523 0.991185 -0.091799 11.597900 -0.018027 0.090483 0.995735 0.000000 0.000000 0.000000 0.000000 1.000000
0.995240 0.097123 0.007983 -0.000000 -0.095932 0.990841 -0.095030 11.597900 -0.017139 0.093812 0.995442 -0.000000 0.000000 0.000000 0.000000 1.000000</float_array>
        <technique_common>
          <accessor source="#mixamorig_Spine1-Matrix-animation-output-transform-array" count="66" stride="16">
            <param type="float4x4"/>
          </accessor>
        </technique_common>
      </source>
      <source id="mixamorig_Spine1-Interpolations">
        <Name_array id="mixamorig_Spine1-Interpolations-array" count="66">
 LINEAR LINEAR LINEAR LINEAR LINEAR LINEAR LINEAR LINEAR LINEAR LINEAR LINEAR
LINEAR LINEAR LINEAR LINEAR LINEAR LINEAR LINEAR LINEAR LINEAR LINEAR LINEAR LINEAR
LINEAR LINEAR LINEAR LINEAR LINEAR LINEAR LINEAR LINEAR LINEAR LINEAR LINEAR LINEAR
LINEAR LINEAR LINEAR LINEAR LINEAR LINEAR LINEAR LINEAR LINEAR LINEAR LINEAR LINEAR
LINEAR LINEAR LINEAR LINEAR LINEAR LINEAR LINEAR LINEAR LINEAR LINEAR LINEAR LINEAR
LINEAR LINEAR LINEAR LINEAR LINEAR LINEAR LINEAR</Name_array>
        <technique_common>
          <accessor source="#mixamorig_Spine1-Interpolations-array" count="66">
            <param type="name"/>
          </accessor>
        </technique_common>
      </source>
      <sampler id="mixamorig_Spine1-Matrix-animation-transform">
        <input semantic="INPUT" source="#mixamorig_Spine1-Matrix-animation-input"/>
        <input semantic="OUTPUT" source="#mixamorig_Spine1-Matrix-animation-output-transform"/>
        <input semantic="INTERPOLATION" source="#mixamorig_Spine1-Interpolations"/>
      </sampler>
      <channel source="#mixamorig_Spine1-Matrix-animation-transform" target="mixamorig_Spine1/matrix"/>
    </animation>
    <animation id="mixamorig_Spine2-anim" name="mixamorig_Spine2">
      <source id="mixamorig_Spine2-Matrix-animation-input">
        <float_array id="mixamorig_Spine2-Matrix-animation-input-array" count="66">

0.000000 0.033333 0.066667 0.100000 0.133333 0.166667 0.200000 0.233333 0.266667 0.300000 0.333333 0.366667 0.400000 0.433333 0.466667 0.500000
0.533333 0.566667 0.600000 0.633333 0.666667 0.700000 0.733333 0.766667 0.800000 0.833333 0.866667 0.900000 0.933333 0.966667 1.000000 1.033333
1.066667 1.100000 1.133333 1.166667 1.200000 1.233333 1.266667 1.300000 1.333333 1.366667 1.400000 1.433333 1.466667 1.500000 1.533333 1.566667
1.600000 1.633333 1.666667 1.700000 1.733333 1.766667 1.800000 1.833333 1.866667 1.900000 1.933333 1.966667 2.000000 2.033333 2.066667 2.100000
2.133333 2.166667</float_array>
        <technique_common>
          <accessor source="#mixamorig_Spine2-Matrix-animation-input-array" count="66">
            <param name="TIME" type="float"/>
          </accessor>
        </technique_common>
      </source>
      <source id="mixamorig_Spine2-Matrix-animation-output-transform">
        <float_array id="mixamorig_Spine2-Matrix-animation-output-transform-array" count="1056">

0.995241 0.097442 0.000486 0.000000 -0.094885 0.970244 -0.222764 13.290100 -0.022178 0.221658 0.974872 0.000000 0.000000 0.000000 0.000000 1.000000
0.996398 0.084753 -0.002849 0.000000 -0.083346 0.972557 -0.217225 13.290100 -0.015640 0.216680 0.976117 -0.000000 0.000000 0.000000 0.000000 1.000000
0.997093 0.074830 -0.014367 0.000000 -0.076171 0.973889 -0.213863 13.290100 -0.002011 0.214336 0.976758 -0.000000 0.000000 0.000000 0.000000 1.000000
