<?xml version="1.0" encoding="utf-8"?>
<COLLADA xmlns="http://www.collada.org/2005/11/COLLADASchema" version="1.4.1">
  <asset>
    <contributor>
      <author>Mixamo</author>
      <authoring_tool>COLLADA Mixamo exporter</authoring_tool>
      <comments/>
    </contributor>
    <created>2022-11-26T14:50:46Z</created>
    <modified>2022-11-26T14:50:46Z</modified>
    <revision/>
    <title/>
    <unit meter="0.010000"/>
    <up_axis>Y_UP</up_axis>
  </asset>
  <library_animations>
    <animation id="mixamorig_Hips-anim" name="mixamorig_Hips">
      <source id="mixamorig_Hips-Matrix-animation-input">
        <float_array id="mixamorig_Hips-Matrix-animation-input-array" count="98">

0.000000 0.033333 0.066667 0.100000 0.133333 0.166667 0.200000 0.233333 0.266667 0.300000 0.333333 0.366667 0.400000 0.433333 0.466667 0.500000
0.533333 0.566667 0.600000 0.633333 0.666667 0.700000 0.733333 0.766667 0.800000 0.833333 0.866667 0.900000 0.933333 0.966667 1.000000 1.033333
1.066667 1.100000 1.133333 1.166667 1.200000 1.233333 1.266667 1.300000 1.333333 1.366667 1.400000 1.433333 1.466667 1.500000 1.533333 1.566667
1.600000 1.633333 1.666667 1.700000 1.733333 1.766667 1.800000 1.833333 1.866667 1.900000 1.933333 1.966667 2.000000 2.033333 2.066667 2.100000
2.133333 2.166667 2.200000 2.233333 2.266667 2.300000 2.333333 2.366667 2.400000 2.433333 2.466667 2.500000 2.533333 2.566667 2.600000 2.633333
2.666667 2.700000 2.733333 2.766667 2.800000 2.833333 2.866667 2.900000 2.933333 2.966667 3.000000 3.033333 3.066667 3.100000 3.133333 3.166667
3.200000 3.233333</float_array>
        <technique_common>
          <accessor source="#mixamorig_Hips-Matrix-animation-input-array" count="98">
            <param name="TIME" type="float"/>
          </accessor>
        </technique_common>
      </source>
      <source id="mixamorig_Hips-Matrix-animation-output-transform">
        <float_array id="mixamorig_Hips-Matrix-animation-output-transform-array" count="1568">

0.521746 -0.062063 -0.850840 0.184756 0.073345 0.996921 -0.027743 105.219406 0.849942 -0.047930 0.524691 0.169396 0.000000 0.000000 0.000000 1.000000
0.523811 -0.050507 -0.850336 -0.079626 0.069835 0.997427 -0.016225 104.904274 0.848967 -0.050884 0.525990 0.578462 0.000000 0.000000 0.000000 1.000000
0.529203 -0.034110 -0.847809 -0.792757 0.064300 0.997931 -0.000014 104.291084 0.846055 -0.054507 0.530301 1.515687 0.000000 0.000000 0.000000 1.000000
0.537571 -0.016213 -0.843062 -1.775895 0.056797 0.998241 0.017019 103.933228 0.841303 -0.057032 0.537546 2.557656 0.000000 0.000000 0.000000 1.000000
0.550676 0.000907 -0.834718 -3.043524 0.045781 0.998461 0.031287 104.502876 0.833463 -0.055443 0.549788 3.347287 0.000000 0.000000 0.000000 1.000000
0.572296 0.020042 -0.819802 -4.654280 0.033108 0.998322 0.047518 105.890022 0.819378 -0.054337 0.570672 4.108587 0.000000 0.000000 0.000000 1.000000
0.597813 0.036985 -0.800782 -6.393219 0.020760 0.997886 0.061587 107.753510 0.801366 -0.053442 0.595782 4.872124 0.000000 0.000000 0.000000 1.000000
0.622409 0.051405 -0.781002 -8.198757 0.007558 0.997400 0.071672 109.907791 0.782655 -0.050512 0.620402 5.564038 0.000000 0.000000 0.000000 1.000000
0.643456 0.065071 -0.762713 -9.994643 -0.008615 0.996933 0.077786 112.219193 0.765435 -0.043481 0.642043 6.233186 0.000000 0.000000 0.000000 1.000000
0.667399 0.075969 -0.740815 -11.689493 -0.022659 0.996394 0.081764 114.154427 0.744355 -0.037783 0.666714 6.889215 0.000000 0.000000 0.000000 1.000000
0.697958 0.081678 -0.711465 -13.126813 -0.032166 0.996048 0.082793 115.704964 0.715416 -0.034901 0.697827 7.600002 0.000000 0.000000 0.000000 1.000000
0.732838 0.083926 -0.675207 -14.206545 -0.037996 0.995863 0.082543 116.627884 0.679342 -0.034835 0.732995 8.161286 0.000000 0.000000 0.000000 1.000000
0.768187 0.083818 -0.634716 -14.917486 -0.037582 0.995587 0.085988 116.736916 0.639122 -0.042201 0.767947 8.577728 0.000000 0.000000 0.000000 1.000000
0.802396 0.066064 -0.593125 -15.198473 -0.022742 0.996517 0.080228 116.003922 0.596359 -0.050885 0.801103 8.758125 0.000000 0.000000 0.000000 1.000000
0.836264 0.057028 -0.545353 -15.211102 -0.009013 0.995872 0.090319 114.442490 0.548252 -0.070615 0.833326 8.844524 0.000000 0.000000 0.000000 1.000000
0.868086 0.053599 -0.493511 -15.243384 -0.006220 0.995250 0.097151 112.119453 0.496374 -0.081265 0.864297 8.738400 0.000000 0.000000 0.000000 1.000000
0.899738 0.052404 -0.433272 -15.442418 -0.005238 0.993990 0.109347 109.238052 0.436398 -0.096114 0.894605 8.420346 0.000000 0.000000 0.000000 1.000000
0.930222 0.044822 -0.364249 -15.674155 -0.001470 0.992961 0.118434 106.191536 0.366993 -0.109634 0.923740 7.924774 0.000000 0.000000 0.000000 1.000000
0.954592 0.035719 -0.295767 -15.772909 0.002573 0.991761 0.128077 103.193321 0.297905 -0.123022 0.946635 7.452269 0.000000 0.000000 0.000000 1.000000
0.967146 0.029969 -0.252447 -15.750035 0.007005 0.989508 0.144307 100.229538 0.254123 -0.141335 0.956789 6.974352 0.000000 0.000000 0.000000 1.000000
0.969914 0.026245 -0.242031 -15.714537 0.015557 0.985458 0.169203 97.282768 0.242952 -0.167877 0.955401 6.442588 0.000000 0.000000 0.000000 1.000000
0.967670 0.022101 -0.251249 -15.633266 0.024229 0.983401 0.179822 94.735107 0.251053 -0.180096 0.951072 5.719651 0.000000 0.000000 0.000000 1.000000
0.967435 0.009666 -0.252936 -15.659337 0.036210 0.983708 0.176090 92.660385 0.250517 -0.179514 0.951323 4.967316 0.000000 0.000000 0.000000 1.000000
0.970061 0.001934 -0.242852 -15.763645 0.042397 0.983264 0.177186 90.862984 0.239130 -0.182178 0.953744 4.245757 0.000000 0.000000 0.000000 1.000000
0.975341 0.003430 -0.220675 -15.974498 0.038340 0.982044 0.184717 89.435265 0.217346 -0.188623 0.957696 3.648308 0.000000 0.000000 0.000000 1.000000
0.980777 0.007505 -0.194990 -16.201298 0.031940 0.979609 0.198359 88.325455 0.192502 -0.200774 0.960538 3.186013 0.000000 0.000000 0.000000 1.000000
0.983777 0.009680 -0.179132 -16.405516 0.028292 0.977675 0.208209 87.404099 0.177149 -0.209899 0.961541 2.778469 0.000000 0.000000 0.000000 1.000000
0.984242 0.010033 -0.176543 -16.528704 0.029094 0.975595 0.217643 86.558624 0.174418 -0.219350 0.959929 2.338526 0.000000 0.000000 0.000000 1.000000
0.985601 0.008967 -0.168852 -16.572466 0.029642 0.973966 0.224747 85.647324 0.166472 -0.226516 0.959676 1.865123 0.000000 0.000000 0.000000 1.000000
0.987790 0.005569 -0.155691 -16.577032 0.030321 0.973379 0.227187 84.666313 0.152812 -0.229133 0.961325 1.262414 0.000000 0.000000 0.000000 1.000000
0.990124 0.001710 -0.140186 -16.561199 0.030355 0.973591 0.226271 83.667786 0.136871 -0.228291 0.963924 0.591930 0.000000 0.000000 0.000000 1.000000
0.991722 -0.003427 -0.128360 -16.509663 0.032327 0.974109 0.223757 82.621155 0.124270 -0.226054 0.966156 -0.130401 0.000000 0.000000 0.000000 1.000000
0.992882 -0.007011 -0.118897 -16.418390 0.033798 0.973814 0.224821 81.640541 0.114207 -0.227239 0.967119 -0.805274 0.000000 0.000000 0.000000 1.000000
0.993973 -0.010894 -0.109084 -16.293100 0.035343 0.973765 0.224795 80.551788 0.103773 -0.227296 0.968281 -1.388875 0.000000 0.000000 0.000000 1.000000
0.994722 -0.013698 -0.101686 -16.123619 0.036473 0.973527 0.225642 79.516922 0.095903 -0.228160 0.968889 -1.897882 0.000000 0.000000 0.000000 1.000000
0.995430 -0.016778 -0.094005 -15.942991 0.037522 0.973982 0.223500 78.508324 0.087809 -0.226006 0.970160 -2.403734 0.000000 0.000000 0.000000 1.000000
0.995865 -0.019828 -0.088660 -15.750376 0.039027 0.974629 0.220400 77.534119 0.082041 -0.222948 0.971372 -2.903859 0.000000 0.000000 0.000000 1.000000
0.996473 -0.020425 -0.081389 -15.554046 0.037908 0.974884 0.219461 76.650604 0.074862 -0.221773 0.972220 -3.305133 0.000000 0.000000 0.000000 1.000000
0.997181 -0.021972 -0.071741 -15.388371 0.037182 0.975207 0.218150 75.834114 0.065169 -0.220203 0.973275 -3.656939 0.000000 0.000000 0.000000 1.000000
0.997501 -0.023368 -0.066672 -15.206366 0.037249 0.975843 0.215273 75.042488 0.060031 -0.217218 0.974275 -4.041607 0.000000 0.000000 0.000000 1.000000
0.997830 -0.024697 -0.061037 -15.035049 0.037065 0.976850 0.210691 74.304253 0.054421 -0.212496 0.975645 -4.450061 0.000000 0.000000 0.000000 1.000000
0.998220 -0.025364 -0.053974 -14.907008 0.035875 0.978372 0.203716 73.678909 0.047639 -0.205290 0.977541 -4.881466 0.000000 0.000000 0.000000 1.000000
0.998437 -0.025587 -0.049691 -14.778999 0.034859 0.980029 0.195776 73.210739 0.043689 -0.197202 0.979389 -5.306099 0.000000 0.000000 0.000000 1.000000
0.998560 -0.025051 -0.047428 -14.705552 0.033602 0.981384 0.189092 72.955658 0.041808 -0.190413 0.980813 -5.732232 0.000000 0.000000 0.000000 1.000000
0.998641 -0.024682 -0.045899 -14.634615 0.032533 0.983298 0.179071 73.054871 0.040713 -0.180321 0.982765 -6.321018 0.000000 0.000000 0.000000 1.000000
0.998791 -0.024061 -0.042870 -14.636087 0.030090 0.988817 0.146067 73.879181 0.038876 -0.147180 0.988345 -6.987463 0.000000 0.000000 0.000000 1.000000
0.999135 -0.020649 -0.036088 -14.795547 0.025212 0.991066 0.130970 75.787102 0.033061 -0.131767 0.990729 -7.328761 0.000000 0.000000 0.000000 1.000000
0.999724 -0.014991 -0.018086 -15.278514 0.017120 0.992141 0.123948 78.656815 0.016086 -0.124223 0.992124 -7.415347 0.000000 0.000000 0.000000 1.000000
0.999741 -0.016798 0.015338 -15.869707 0.015156 0.994717 0.101533 82.450325 -0.016963 -0.101274 0.994714 -7.314484 0.000000 0.000000 0.000000 1.000000
0.997625 -0.022654 0.065053 -16.539577 0.019398 0.998549 0.050241 87.020943 -0.066096 -0.048860 0.996616 -7.083863 0.000000 0.000000 0.000000 1.000000
0.991995 -0.030807 0.122465 -17.193296 0.033521 0.999235 -0.020165 92.780830 -0.121750 0.024109 0.992268 -6.694316 0.000000 0.000000 0.000000 1.000000
0.982973 -0.039665 0.179419 -17.828543 0.059552 0.992490 -0.106852 102.774292 -0.173833 0.115718 0.977953 -4.805242 0.000000 0.000000 0.000000 1.000000
0.981356 -0.032727 0.189390 -18.076830 0.061112 0.987389 -0.146040 110.834198 -0.182222 0.154891 0.970981 -1.211010 0.000000 0.000000 0.000000 1.000000
0.990276 0.000191 0.139116 -17.637064 0.020397 0.988992 -0.146553 115.114136 -0.137613 0.147966 0.979372 2.168560 0.000000 0.000000 0.000000 1.000000
0.996950 0.055253 0.055121 -16.668495 -0.046684 0.988159 -0.146159 117.218925 -0.062544 0.143140 0.987724 4.835729 0.000000 0.000000 0.000000 1.000000
0.996214 0.086829 0.004383 -15.657404 -0.085760 0.989731 -0.114359 117.803680 -0.014268 0.113550 0.993430 7.377376 0.000000 0.000000 0.000000 1.000000
0.995135 0.098370 0.005359 -14.935926 -0.097521 0.991336 -0.087995 117.116646 -0.013969 0.087045 0.996106 9.349484 0.000000 0.000000 0.000000 1.000000
0.994867 0.092396 0.041273 -14.415401 -0.089874 0.994188 -0.059270 115.826340 -0.046509 0.055257 0.997388 10.476110 0.000000 0.000000 0.000000 1.000000
0.993891 0.076403 0.079644 -14.030180 -0.073074 0.996360 -0.043906 114.877960 -0.082709 0.037818 0.995856 10.987930 0.000000 0.000000 0.000000 1.000000
0.991649 0.060829 0.113718 -13.704301 -0.057099 0.997727 -0.035773 114.307579 -0.115636 0.028982 0.992869 11.288867 0.000000 0.000000 0.000000 1.000000
0.990010 0.053821 0.130319 -13.296803 -0.049919 0.998207 -0.033034 114.227074 -0.131863 0.026198 0.990922 11.396053 0.000000 0.000000 0.000000 1.000000
0.991675 0.054647 0.116596 -12.777238 -0.051194 0.998163 -0.032405 114.430069 -0.118152 0.026166 0.992651 11.322474 0.000000 0.000000 0.000000 1.000000
0.994371 0.056966 0.089339 -12.283051 -0.054091 0.997947 -0.034281 114.822914 -0.091108 0.029256 0.995411 11.154122 0.000000 0.000000 0.000000 1.000000
0.996969 0.056730 0.053244 -11.782586 -0.055121 0.997992 -0.031212 115.235008 -0.054908 0.028183 0.998094 10.890930 0.000000 0.000000 0.000000 1.000000
0.998606 0.049651 0.017921 -11.355510 -0.049313 0.998606 -0.018822 115.561394 -0.018831 0.017912 0.999662 10.633373 0.000000 0.000000 0.000000 1.000000
0.998867 0.045616 -0.013584 -11.056927 -0.045598 0.998959 0.001608 115.806602 0.013643 -0.000986 0.999906 10.323849 0.000000 0.000000 0.000000 1.000000
0.998190 0.043914 -0.041089 -10.790976 -0.043211 0.998907 0.017844 116.011856 0.041827 -0.016036 0.998996 9.912176 0.000000 0.000000 0.000000 1.000000
0.996954 0.044512 -0.064040 -10.592119 -0.042653 0.998636 0.030104 116.205673 0.065293 -0.027281 0.997493 9.473360 0.000000 0.000000 0.000000 1.000000
0.995435 0.046754 -0.083201 -10.418616 -0.043580 0.998266 0.039570 116.410706 0.084906 -0.035763 0.995747 9.041316 0.000000 0.000000 0.000000 1.000000
0.993453 0.050103 -0.102673 -10.246238 -0.045196 0.997747 0.049575 116.657944 0.104925 -0.044610 0.993479 8.584077 0.000000 0.000000 0.000000 1.000000
0.990557 0.057907 -0.124269 -10.150529 -0.050740 0.996903 0.060086 116.880470 0.127363 -0.053213 0.990428 8.135079 0.000000 0.000000 0.000000 1.000000
0.985981 0.068674 -0.152069 -9.997390 -0.059421 0.996142 0.064579 117.009811 0.155917 -0.054637 0.986258 7.613531 0.000000 0.000000 0.000000 1.000000
0.978626 0.072073 -0.192607 -9.707344 -0.060749 0.996095 0.064072 117.128006 0.196473 -0.051002 0.979182 7.082952 0.000000 0.000000 0.000000 1.000000
0.966950 0.070570 -0.245007 -9.296884 -0.056552 0.996360 0.063793 117.184784 0.248617 -0.047829 0.967420 6.693324 0.000000 0.000000 0.000000 1.000000
0.947698 0.072032 -0.310935 -8.771547 -0.055684 0.996574 0.061149 117.068436 0.314274 -0.040636 0.948462 6.321864 0.000000 0.000000 0.000000 1.000000
0.917873 0.069517 -0.390739 -8.144093 -0.053000 0.997192 0.052913 116.849922 0.393321 -0.027858 0.918979 5.981933 0.000000 0.000000 0.000000 1.000000
0.876016 0.061451 -0.478351 -7.416375 -0.046065 0.997976 0.043844 116.574120 0.480077 -0.016373 0.877074 5.616488 0.000000 0.000000 0.000000 1.000000
0.824030 0.050661 -0.564276 -6.665801 -0.035604 0.998656 0.037665 116.119072 0.565426 -0.010947 0.824726 5.264184 0.000000 0.000000 0.000000 1.000000
0.769081 0.039053 -0.637957 -5.993330 -0.024560 0.999200 0.031559 115.647728 0.638679 -0.008603 0.769425 4.869542 0.000000 0.000000 0.000000 1.000000
0.721365 0.035315 -0.691655 -5.512172 -0.019881 0.999343 0.030290 115.147461 0.692270 -0.008099 0.721593 4.390285 0.000000 0.000000 0.000000 1.000000
0.691972 0.036015 -0.721025 -5.037338 -0.020835 0.999335 0.029922 114.412415 0.721623 -0.005682 0.692263 3.842298 0.000000 0.000000 0.000000 1.000000
0.673189 0.033636 -0.738705 -4.552708 -0.016637 0.999401 0.030344 113.367439 0.739284 -0.008137 0.673345 3.374327 0.000000 0.000000 0.000000 1.000000
0.647202 0.019454 -0.762071 -3.968162 -0.001973 0.999714 0.023845 111.959076 0.762316 -0.013929 0.647055 2.961862 0.000000 0.000000 0.000000 1.000000
0.610898 0.004626 -0.791696 -3.251299 0.012245 0.999808 0.015291 110.566246 0.791615 -0.019036 0.610724 2.487710 0.000000 0.000000 0.000000 1.000000
0.577886 0.000835 -0.816117 -2.545450 0.017942 0.999745 0.013727 109.368797 0.815920 -0.022575 0.577724 1.937615 0.000000 0.000000 0.000000 1.000000
0.563998 -0.008069 -0.825736 -2.002460 0.025377 0.999649 0.007564 108.236832 0.825386 -0.025221 0.564005 1.405553 0.000000 0.000000 0.000000 1.000000
0.560367 -0.013253 -0.828139 -1.586611 0.028669 0.999583 0.003403 107.440674 0.827748 -0.025649 0.560513 0.869440 0.000000 0.000000 0.000000 1.000000
0.556659 -0.016050 -0.830586 -1.228575 0.030533 0.999533 0.001148 106.778328 0.830180 -0.026000 0.556889 0.537358 0.000000 0.000000 0.000000 1.000000
0.550565 -0.024749 -0.834425 -0.945199 0.035366 0.999355 -0.006305 106.381409 0.834043 -0.026039 0.551085 0.277416 0.000000 0.000000 0.000000 1.000000
0.544857 -0.030768 -0.837964 -0.667955 0.039786 0.999150 -0.010817 106.090424 0.837584 -0.027446 0.545618 0.087008 0.000000 0.000000 0.000000 1.000000
0.540490 -0.037944 -0.840495 -0.394450 0.046793 0.998792 -0.015000 105.855927 0.840048 -0.031222 0.541612 0.007495 0.000000 0.000000 0.000000 1.000000
0.534804 -0.047032 -0.843666 -0.165500 0.055092 0.998266 -0.020727 105.698639 0.843178 -0.035395 0.536468 0.004370 0.000000 0.000000 0.000000 1.000000
0.528878 -0.052639 -0.847064 -0.011248 0.060945 0.997854 -0.023958 105.571259 0.846507 -0.038953 0.530951 0.067309 0.000000 0.000000 0.000000 1.000000
0.524687 -0.057928 -0.849322 0.102358 0.067666 0.997363 -0.026223 105.410446 0.848602 -0.043711 0.527223 0.127194 0.000000 0.000000 0.000000 1.000000
0.522102 -0.061508 -0.850662 0.172466 0.072554 0.996984 -0.027557 105.281090 0.849791 -0.047332 0.524990 0.167025 0.000000 0.000000 0.000000 1.000000
0.521731 -0.062063 -0.850850 0.181854 0.073346 0.996921 -0.027743 105.234238 0.849951 -0.047932 0.524676 0.172301 0.000000 0.000000 0.000000 1.000000
0.521731 -0.062063 -0.850850 0.181854 0.073346 0.996921 -0.027743 105.234238 0.849951 -0.047932 0.524676 0.172301 0.000000 0.000000 0.000000 1.000000
0.521731 -0.062063 -0.850850 0.181854 0.073346 0.996921 -0.027743 105.234238 0.849951 -0.047932 0.524676 0.172301 0.000000 0.000000 0.000000 1.000000</float_array>
        <technique_common>
          <accessor source="#mixamorig_Hips-Matrix-animation-output-transform-array" count="98" stride="16">
            <param type="float4x4"/>
          </accessor>
        </technique_common>
      </source>
      <source id="mixamorig_Hips-Interpolations">
        <Name_array id="mixamorig_Hips-Interpolations-array" count="98">
 LINEAR LINEAR LINEAR LINEAR LINEAR LINEAR LINEAR LINEAR LINEAR LINEAR LINEAR
LINEAR LINEAR LINEAR LINEAR LINEAR LINEAR LINEAR LINEAR LINEAR LINEAR LINEAR LINEAR
LINEAR LINEAR LINEAR LINEAR LINEAR LINEAR LINEAR LINEAR LINEAR LINEAR LINEAR LINEAR
LINEAR LINEAR LINEAR LINEAR LINEAR LINEAR LINEAR LINEAR LINEAR LINEAR LINEAR LINEAR
LINEAR LINEAR LINEAR LINEAR LINEAR LINEAR LINEAR LINEAR LINEAR LINEAR LINEAR LINEAR
LINEAR LINEAR LINEAR LINEAR LINEAR LINEAR LINEAR LINEAR LINEAR LINEAR LINEAR LINEAR
LINEAR LINEAR LINEAR LINEAR LINEAR LINEAR LINEAR LINEAR LINEAR LINEAR LINEAR LINEAR
LINEAR LINEAR LINEAR LINEAR LINEAR LINEAR LINEAR LINEAR LINEAR LINEAR LINEAR LINEAR
LINEAR LINEAR LINEAR</Name_array>
        <technique_common>
          <accessor source="#mixamorig_Hips-Interpolations-array" count="98">
            <param type="name"/>
          </accessor>
        </technique_common>
      </source>
      <sampler id="mixamorig_Hips-Matrix-animation-transform">
        <input semantic="INPUT" source="#mixamorig_Hips-Matrix-animation-input"/>
        <input semantic="OUTPUT" source="#mixamorig_Hips-Matrix-animation-output-transform"/>
        <input semantic="INTERPOLATION" source="#mixamorig_Hips-Interpolations"/>
      </sampler>
      <channel source="#mixamorig_Hips-Matrix-animation-transform" target="mixamorig_Hips/matrix"/>
    </animation>
    <animation id="mixamorig_Spine-anim" name="mixamorig_Spine">
      <source id="mixamorig_Spine-Matrix-animation-input">
        <float_array id="mixamorig_Spine-Matrix-animation-input-array" count="98">

0.000000 0.033333 0.066667 0.100000 0.133333 0.166667 0.200000 0.233333 0.266667 0.300000 0.333333 0.366667 0.400000 0.433333 0.466667 0.500000
0.533333 0.566667 0.600000 0.633333 0.666667 0.700000 0.733333 0.766667 0.800000 0.833333 0.866667 0.900000 0.933333 0.966667 1.000000 1.033333
1.066667 1.100000 1.133333 1.166667 1.200000 1.233333 1.266667 1.300000 1.333333 1.366667 1.400000 1.433333 1.466667 1.500000 1.533333 1.566667
1.600000 1.633333 1.666667 1.700000 1.733333 1.766667 1.800000 1.833333 1.866667 1.900000 1.933333 1.966667 2.000000 2.033333 2.066667 2.100000
2.133333 2.166667 2.200000 2.233333 2.266667 2.300000 2.333333 2.366667 2.400000 2.433333 2.466667 2.500000 2.533333 2.566667 2.600000 2.633333
2.666667 2.700000 2.733333 2.766667 2.800000 2.833333 2.866667 2.900000 2.933333 2.966667 3.000000 3.033333 3.066667 3.100000 3.133333 3.166667
3.200000 3.233333</float_array>
        <technique_common>
          <accessor source="#mixamorig_Spine-Matrix-animation-input-array" count="98">
            <param name="TIME" type="float"/>
          </accessor>
        </technique_common>
      </source>
      <source id="mixamorig_Spine-Matrix-animation-output-transform">
        <float_array id="mixamorig_Spine-Matrix-animation-output-transform-array" count="1568">

0.998630 0.052228 0.003332 -0.000900 -0.050904 0.984147 -0.169895 9.938600 -0.012152 0.169492 0.985457 0.799700 0.000000 0.000000 0.000000 1.000000
0.998738 0.050154 0.002772 -0.000900 -0.048964 0.984392 -0.169041 9.938600 -0.011207 0.168692 0.985605 0.799700 0.000000 0.000000 0.000000 1.000000
0.998969 0.045380 0.001295 -0.000900 -0.044532 0.985057 -0.166373 9.938600 -0.008825 0.166144 0.986062 0.799700 0.000000 0.000000 0.000000 1.000000
0.999217 0.039562 -0.000565 -0.000900 -0.039131 0.986019 -0.161976 9.938600 -0.005851 0.161871 0.986795 0.799700 0.000000 0.000000 0.000000 1.000000
0.999433 0.033592 -0.002358 -0.000900 -0.033552 0.987363 -0.154882 9.938600 -0.002874 0.154874 0.987930 0.799700 0.000000 0.000000 0.000000 1.000000
0.999628 0.026941 -0.004174 -0.000900 -0.027262 0.988699 -0.147415 9.938600 0.000156 0.147474 0.989066 0.799700 0.000000 0.000000 0.000000 1.000000
0.999767 0.020914 -0.005308 -0.000900 -0.021452 0.989863 -0.140395 9.938600 0.002318 0.140476 0.990081 0.799700 0.000000 0.000000 0.000000 1.000000
0.999874 0.015160 -0.004640 -0.000900 -0.015646 0.990809 -0.134358 9.938600 0.002560 0.134414 0.990922 0.799700 0.000000 0.000000 0.000000 1.000000
0.999966 0.007914 -0.002159 -0.000900 -0.008126 0.991614 -0.128977 9.938600 0.001120 0.128990 0.991645 0.799700 0.000000 0.000000 0.000000 1.000000
1.000000 0.000925 -0.000077 -0.000900 -0.000927 0.992248 -0.124271 9.938600 -0.000038 0.124271 0.992248 0.799700 0.000000 0.000000 0.000000 1.000000
0.999984 -0.005604 0.001065 -0.000900 0.005691 0.992783 -0.119793 9.938600 -0.000386 0.119797 0.992798 0.799700 0.000000 0.000000 0.000000 1.000000
0.999954 -0.009346 0.002045 -0.000900 0.009522 0.992994 -0.117780 9.938600 -0.000930 0.117794 0.993038 0.799700 0.000000 0.000000 0.000000 1.000000
0.999938 -0.009878 0.005111 -0.000900 0.010418 0.992800 -0.119328 9.938600 -0.003895 0.119374 0.992842 0.799700 0.000000 0.000000 0.000000 1.000000
0.999952 -0.003875 0.008959 -0.000900 0.004903 0.993033 -0.117731 9.938600 -0.008440 0.117769 0.993005 0.799700 0.000000 0.000000 0.000000 1.000000
0.999914 0.000720 0.013122 -0.000900 0.000879 0.992596 -0.121455 9.938600 -0.013112 0.121456 0.992510 0.799700 0.000000 0.000000 0.000000 1.000000
0.999865 0.000635 0.016445 -0.000900 0.001363 0.992626 -0.121210 9.938600 -0.016401 0.121216 0.992491 0.799700 0.000000 0.000000 0.000000 1.000000
0.999841 0.003194 0.017519 -0.000900 -0.001068 0.992765 -0.120068 9.938600 -0.017776 0.120030 0.992611 0.799700 0.000000 0.000000 0.000000 1.000000
0.999815 0.010331 0.016225 -0.000900 -0.008408 0.993396 -0.114430 9.938600 -0.017300 0.114273 0.993299 0.799700 0.000000 0.000000 0.000000 1.000000
0.999823 0.014659 0.011769 -0.000900 -0.013316 0.994165 -0.107045 9.938600 -0.013269 0.106869 0.994185 0.799700 0.000000 0.000000 0.000000 1.000000
0.999772 0.018632 0.010459 -0.000900 -0.017444 0.994414 -0.104097 9.938600 -0.012340 0.103891 0.994512 0.799700 0.000000 0.000000 0.000000 1.000000
0.999632 0.023152 0.014130 -0.000900 -0.021514 0.994056 -0.106719 9.938600 -0.016517 0.106376 0.994189 0.799700 0.000000 0.000000 0.000000 1.000000
0.999411 0.028473 0.019157 -0.000900 -0.026254 0.993856 -0.107518 9.938600 -0.022101 0.106952 0.994019 0.799700 0.000000 0.000000 0.000000 1.000000
0.999131 0.035807 0.021329 -0.000900 -0.033337 0.993739 -0.106637 9.938600 -0.025014 0.105833 0.994069 0.799700 0.000000 0.000000 0.000000 1.000000
0.998920 0.040583 0.022643 -0.000900 -0.037901 0.993384 -0.108402 9.938600 -0.026893 0.107427 0.993849 0.799700 0.000000 0.000000 0.000000 1.000000
0.998841 0.041464 0.024434 -0.000900 -0.038457 0.992874 -0.112791 9.938600 -0.028936 0.111721 0.993318 0.799700 0.000000 0.000000 0.000000 1.000000
0.998879 0.040528 0.024474 -0.000900 -0.037364 0.992284 -0.118223 9.938600 -0.029077 0.117176 0.992685 0.799700 0.000000 0.000000 0.000000 1.000000
0.998894 0.040220 0.024368 -0.000900 -0.036971 0.991886 -0.121637 9.938600 -0.029062 0.120602 0.992275 0.799700 0.000000 0.000000 0.000000 1.000000
0.998832 0.040638 0.026124 -0.000900 -0.037021 0.991271 -0.126536 9.938600 -0.031038 0.125421 0.991618 0.799700 0.000000 0.000000 0.000000 1.000000
0.998796 0.040784 0.027278 -0.000900 -0.036860 0.990634 -0.131475 9.938600 -0.032385 0.130311 0.990944 0.799700 0.000000 0.000000 0.000000 1.000000
0.998803 0.040631 0.027217 -0.000900 -0.036582 0.990092 -0.135572 9.938600 -0.032456 0.134414 0.990394 0.799700 0.000000 0.000000 0.000000 1.000000
0.998814 0.040755 0.026627 -0.000900 -0.036646 0.989490 -0.139882 9.938600 -0.032048 0.138740 0.989810 0.799700 0.000000 0.000000 0.000000 1.000000
0.998785 0.041754 0.026175 -0.000900 -0.037573 0.988896 -0.143781 9.938600 -0.031888 0.142623 0.989263 0.799700 0.000000 0.000000 0.000000 1.000000
0.998784 0.041789 0.026153 -0.000900 -0.037445 0.988145 -0.148885 9.938600 -0.032064 0.147724 0.988509 0.799700 0.000000 0.000000 0.000000 1.000000
0.998791 0.041594 0.026215 -0.000900 -0.037126 0.987610 -0.152472 9.938600 -0.032232 0.151314 0.987960 0.799700 0.000000 0.000000 0.000000 1.000000
0.998828 0.040917 0.025854 -0.000900 -0.036390 0.987051 -0.156224 9.938600 -0.031911 0.155100 0.987383 0.799700 0.000000 0.000000 0.000000 1.000000
0.998831 0.040550 0.026304 -0.000900 -0.035880 0.986686 -0.158628 9.938600 -0.032386 0.157499 0.986988 0.799700 0.000000 0.000000 0.000000 1.000000
0.998826 0.040321 0.026849 -0.000900 -0.035500 0.986378 -0.160621 9.938600 -0.032960 0.159479 0.986651 0.799700 0.000000 0.000000 0.000000 1.000000
0.998873 0.038867 0.027249 -0.000900 -0.033930 0.986084 -0.162750 9.938600 -0.033196 0.161642 0.986291 0.799700 0.000000 0.000000 0.000000 1.000000
0.998926 0.037805 0.026773 -0.000900 -0.032906 0.985856 -0.164333 9.938600 -0.032607 0.163276 0.986041 0.799700 0.000000 0.000000 0.000000 1.000000
0.998933 0.037268 0.027287 -0.000900 -0.032229 0.985563 -0.166216 9.938600 -0.033088 0.165159 0.985712 0.799700 0.000000 0.000000 0.000000 1.000000
0.998948 0.036438 0.027853 -0.000900 -0.031261 0.985321 -0.167824 9.938600 -0.033559 0.166777 0.985423 0.799700 0.000000 0.000000 0.000000 1.000000
0.998959 0.035963 0.028072 -0.000900 -0.030749 0.985297 -0.168060 9.938600 -0.033703 0.167022 0.985377 0.799700 0.000000 0.000000 0.000000 1.000000
0.998952 0.035587 0.028768 -0.000900 -0.030235 0.985183 -0.168820 9.938600 -0.034350 0.167773 0.985227 0.799700 0.000000 0.000000 0.000000 1.000000
0.998932 0.035360 0.029733 -0.000900 -0.029782 0.984875 -0.170686 9.938600 -0.035319 0.169618 0.984877 0.799700 0.000000 0.000000 0.000000 1.000000
0.998901 0.035664 0.030410 -0.000900 -0.029911 0.984606 -0.172210 9.938600 -0.036083 0.171112 0.984591 0.799700 0.000000 0.000000 0.000000 1.000000
0.998849 0.036402 0.031246 -0.000900 -0.030728 0.985646 -0.166003 9.938600 -0.036840 0.164852 0.985630 0.799700 0.000000 0.000000 0.000000 1.000000
0.998795 0.036849 0.032416 -0.000900 -0.031034 0.985889 -0.164499 9.938600 -0.038020 0.163294 0.985845 0.799700 0.000000 0.000000 0.000000 1.000000
0.998817 0.038351 0.029903 -0.000900 -0.032971 0.986025 -0.163300 9.938600 -0.035748 0.162121 0.986123 0.799700 0.000000 0.000000 0.000000 1.000000
0.998747 0.042767 0.025990 -0.000900 -0.038293 0.987435 -0.153317 9.938600 -0.032221 0.152129 0.987835 0.799700 0.000000 0.000000 0.000000 1.000000
0.998634 0.048625 0.019139 -0.000900 -0.045698 0.990270 -0.131442 9.938600 -0.025344 0.130388 0.991139 0.799700 0.000000 0.000000 0.000000 1.000000
0.998440 0.054989 0.009685 -0.000900 -0.053652 0.992884 -0.106318 9.938600 -0.015462 0.105633 0.994285 0.799700 0.000000 0.000000 0.000000 1.000000
0.998252 0.059101 -0.000047 -0.000900 -0.058913 0.995014 -0.080479 9.938600 -0.004710 0.080341 0.996756 0.799700 0.000000 0.000000 0.000000 1.000000
0.998489 0.054802 0.003967 -0.000900 -0.054455 0.996620 -0.061503 9.938600 -0.007324 0.061194 0.998099 0.799700 0.000000 0.000000 0.000000 1.000000
0.999127 0.039430 0.013836 -0.000900 -0.038573 0.997598 -0.057539 9.938600 -0.016071 0.056955 0.998247 0.799700 0.000000 0.000000 0.000000 1.000000
0.999508 0.016699 0.026558 -0.000900 -0.015126 0.998181 -0.058363 9.938600 -0.027484 0.057932 0.997942 0.799700 0.000000 0.000000 0.000000 1.000000
0.999297 0.001941 0.037442 -0.000900 0.000617 0.997671 -0.068211 9.938600 -0.037488 0.068186 0.996968 0.799700 0.000000 0.000000 0.000000 1.000000
0.999125 -0.005649 0.041435 -0.000900 0.008664 0.997299 -0.072939 9.938600 -0.040911 0.073235 0.996475 0.799700 0.000000 0.000000 0.000000 1.000000
0.999266 -0.006935 0.037667 -0.000900 0.009950 0.996707 -0.080469 9.938600 -0.036985 0.080785 0.996045 0.799700 0.000000 0.000000 0.000000 1.000000
0.999488 -0.003569 0.031799 -0.000900 0.006249 0.996397 -0.084576 9.938600 -0.031382 0.084731 0.995910 0.799700 0.000000 0.000000 0.000000 1.000000
0.999638 0.000395 0.026890 -0.000900 0.001935 0.996246 -0.086544 9.938600 -0.026824 0.086565 0.995885 0.799700 0.000000 0.000000 0.000000 1.000000
0.999688 0.000477 0.024973 -0.000900 0.001687 0.996243 -0.086589 9.938600 -0.024921 0.086604 0.995931 0.799700 0.000000 0.000000 0.000000 1.000000
0.999639 -0.002392 0.026776 -0.000900 0.004698 0.996253 -0.086358 9.938600 -0.026469 0.086453 0.995904 0.799700 0.000000 0.000000 0.000000 1.000000
0.999535 -0.005681 0.029960 -0.000900 0.008235 0.996277 -0.085810 9.938600 -0.029361 0.086017 0.995861 0.799700 0.000000 0.000000 0.000000 1.000000
0.999392 -0.007836 0.033968 -0.000900 0.010773 0.996134 -0.087181 9.938600 -0.033153 0.087494 0.995613 0.799700 0.000000 0.000000 0.000000 1.000000
0.999277 -0.006120 0.037527 -0.000900 0.009526 0.995782 -0.091251 9.938600 -0.036810 0.091543 0.995121 0.799700 0.000000 0.000000 0.000000 1.000000
0.999172 -0.005479 0.040313 -0.000900 0.009374 0.995231 -0.097094 9.938600 -0.039589 0.097391 0.994458 0.799700 0.000000 0.000000 0.000000 1.000000
0.999079 -0.006014 0.042496 -0.000900 0.010261 0.994889 -0.100455 9.938600 -0.041674 0.100798 0.994034 0.799700 0.000000 0.000000 0.000000 1.000000
0.999029 -0.006415 0.043595 -0.000900 0.010820 0.994770 -0.101566 9.938600 -0.042715 0.101939 0.993873 0.799700 0.000000 0.000000 0.000000 1.000000
0.998990 -0.007278 0.044332 -0.000900 0.011714 0.994854 -0.100635 9.938600 -0.043371 0.101052 0.993935 0.799700 0.000000 0.000000 0.000000 1.000000
0.998981 -0.008189 0.044389 -0.000900 0.012613 0.994876 -0.100314 9.938600 -0.043340 0.100771 0.993965 0.799700 0.000000 0.000000 0.000000 1.000000
0.999007 -0.009530 0.043521 -0.000900 0.013909 0.994744 -0.101444 9.938600 -0.042325 0.101949 0.993889 0.799700 0.000000 0.000000 0.000000 1.000000
0.998998 -0.010764 0.043441 -0.000900 0.015164 0.994643 -0.102248 9.938600 -0.042108 0.102804 0.993810 0.799700 0.000000 0.000000 0.000000 1.000000
0.999001 -0.008772 0.043826 -0.000900 0.013274 0.994539 -0.103522 9.938600 -0.042678 0.104000 0.993661 0.799700 0.000000 0.000000 0.000000 1.000000
0.999084 -0.004002 0.042612 -0.000900 0.008520 0.994290 -0.106370 9.938600 -0.041943 0.106635 0.993413 0.799700 0.000000 0.000000 0.000000 1.000000
0.999140 -0.001659 0.041438 -0.000900 0.006192 0.993966 -0.109510 9.938600 -0.041006 0.109672 0.993122 0.799700 0.000000 0.000000 0.000000 1.000000
0.999141 0.001020 0.041435 -0.000900 0.003573 0.993854 -0.110645 9.938600 -0.041293 0.110698 0.992996 0.799700 0.000000 0.000000 0.000000 1.000000
0.999101 0.005929 0.041973 -0.000900 -0.001153 0.993607 -0.112891 9.938600 -0.042374 0.112741 0.992720 0.799700 0.000000 0.000000 0.000000 1.000000
0.999031 0.013379 0.041930 -0.000900 -0.008391 0.993104 -0.116938 9.938600 -0.043205 0.116473 0.992254 0.799700 0.000000 0.000000 0.000000 1.000000
0.998972 0.020513 0.040427 -0.000900 -0.015518 0.992628 -0.120205 9.938600 -0.042594 0.119454 0.991926 0.799700 0.000000 0.000000 0.000000 1.000000
0.998981 0.025625 0.037140 -0.000900 -0.020771 0.991856 -0.125657 9.938600 -0.040057 0.124757 0.991378 0.799700 0.000000 0.000000 0.000000 1.000000
0.999054 0.027437 0.033745 -0.000900 -0.022752 0.990971 -0.132135 9.938600 -0.037066 0.131242 0.990657 0.799700 0.000000 0.000000 0.000000 1.000000
0.999089 0.030249 0.030112 -0.000900 -0.025821 0.990108 -0.137910 9.938600 -0.033986 0.137006 0.989987 0.799700 0.000000 0.000000 0.000000 1.000000
0.998904 0.037461 0.028065 -0.000900 -0.033154 0.989494 -0.140723 9.938600 -0.033042 0.139638 0.989651 0.799700 0.000000 0.000000 0.000000 1.000000
0.998681 0.044140 0.026226 -0.000900 -0.039907 0.988712 -0.144413 9.938600 -0.032304 0.143176 0.989170 0.799700 0.000000 0.000000 0.000000 1.000000
0.998591 0.047851 0.022955 -0.000900 -0.043839 0.987499 -0.151403 9.938600 -0.029912 0.150184 0.988205 0.799700 0.000000 0.000000 0.000000 1.000000
0.998506 0.051620 0.017935 -0.000900 -0.048211 0.986637 -0.155637 9.938600 -0.025729 0.154540 0.987651 0.799700 0.000000 0.000000 0.000000 1.000000
0.998485 0.053358 0.013415 -0.000900 -0.050534 0.985838 -0.159903 9.938600 -0.021757 0.158983 0.987042 0.799700 0.000000 0.000000 0.000000 1.000000
0.998524 0.053293 0.010471 -0.000900 -0.050855 0.985114 -0.164205 9.938600 -0.019066 0.163430 0.986371 0.799700 0.000000 0.000000 0.000000 1.000000
0.998510 0.053835 0.008929 -0.000900 -0.051611 0.984789 -0.165915 9.938600 -0.017725 0.165207 0.986100 0.799700 0.000000 0.000000 0.000000 1.000000
0.998525 0.053710 0.007956 -0.000900 -0.051607 0.984371 -0.168374 9.938600 -0.016875 0.167715 0.985691 0.799700 0.000000 0.000000 0.000000 1.000000
0.998525 0.053874 0.006753 -0.000900 -0.051945 0.984082 -0.169952 9.938600 -0.015801 0.169350 0.985429 0.799700 0.000000 0.000000 0.000000 1.000000
0.998524 0.053974 0.006049 -0.000900 -0.052164 0.984077 -0.169913 9.938600 -0.015123 0.169347 0.985440 0.799700 0.000000 0.000000 0.000000 1.000000
0.998568 0.053217 0.005448 -0.000900 -0.051514 0.984056 -0.170238 9.938600 -0.014421 0.169713 0.985388 0.799700 0.000000 0.000000 0.000000 1.000000
0.998604 0.052639 0.004374 -0.000900 -0.051129 0.984086 -0.170181 9.938600 -0.013262 0.169719 0.985403 0.799700 0.000000 0.000000 0.000000 1.000000
0.998628 0.052256 0.003479 -0.000900 -0.050904 0.984105 -0.170134 9.938600 -0.012314 0.169724 0.985415 0.799700 0.000000 0.000000 0.000000 1.000000
0.998630 0.052228 0.003326 -0.000900 -0.050902 0.984107 -0.170127 9.938600 -0.012159 0.169724 0.985417 0.799700 0.000000 0.000000 0.000000 1.000000
0.998630 0.052228 0.003326 -0.000900 -0.050902 0.984107 -0.170127 9.938600 -0.012159 0.169724 0.985417 0.799700 0.000000 0.000000 0.000000 1.000000
0.998630 0.052228 0.003326 -0.000900 -0.050902 0.984107 -0.170127 9.938600 -0.012159 0.169724 0.985417 0.799700 0.000000 0.000000 0.000000 1.000000</float_array>
        <technique_common>
          <accessor source="#mixamorig_Spine-Matrix-animation-output-transform-array" count="98" stride="16">
            <param type="float4x4"/>
          </accessor>
        </technique_common>
      </source>
      <source id="mixamorig_Spine-Interpolations">
        <Name_array id="mixamorig_Spine-Interpolations-array" count="98">
 LINEAR LINEAR LINEAR LINEAR LINEAR LINEAR LINEAR LINEAR LINEAR LINEAR LINEAR
LINEAR LINEAR LINEAR LINEAR LINEAR LINEAR LINEAR LINEAR LINEAR LINEAR LINEAR LINEAR
LINEAR LINEAR LINEAR LINEAR LINEAR LINEAR LINEAR LINEAR LINEAR LINEAR LINEAR LINEAR
LINEAR LINEAR LINEAR LINEAR LINEAR LINEAR LINEAR LINEAR LINEAR LINEAR LINEAR LINEAR
LINEAR LINEAR LINEAR LINEAR LINEAR LINEAR LINEAR LINEAR LINEAR LINEAR LINEAR LINEAR
LINEAR LINEAR LINEAR LINEAR LINEAR LINEAR LINEAR LINEAR LINEAR LINEAR LINEAR LINEAR
LINEAR LINEAR LINEAR LINEAR LINEAR LINEAR LINEAR LINEAR LINEAR LINEAR LINEAR LINEAR
LINEAR LINEAR LINEAR LINEAR LINEAR LINEAR LINEAR LINEAR LINEAR LINEAR LINEAR LINEAR
LINEAR LINEAR LINEAR</Name_array>
        <technique_common>
          <accessor source="#mixamorig_Spine-Interpolations-array" count="98">
            <param type="name"/>
          </accessor>
        </technique_common>
      </source>
      <sampler id="mixamorig_Spine-Matrix-animation-transform">
        <input semantic="INPUT" source="#mixamorig_Spine-Matrix-animation-input"/>
        <input semantic="OUTPUT" source="#mixamorig_Spine-Matrix-animation-output-transform"/>
        <input semantic="INTERPOLATION" source="#mixamorig_Spine-Interpolations"/>
      </sampler>
      <channel source="#mixamorig_Spine-Matrix-animation-transform" target="mixamorig_Spine/matrix"/>
    </animation>
    <animation id="mixamorig_Spine1-anim" name="mixamorig_Spine1">
      <source id="mixamorig_Spine1-Matrix-animation-input">
        <float_array id="mixamorig_Spine1-Matrix-animation-input-array" count="98">

0.000000 0.033333 0.066667 0.100000 0.133333 0.166667 0.200000 0.233333 0.266667 0.300000 0.333333 0.366667 0.400000 0.433333 0.466667 0.500000
0.533333 0.566667 0.600000 0.633333 0.666667 0.700000 0.733333 0.766667 0.800000 0.833333 0.866667 0.900000 0.933333 0.966667 1.000000 1.033333
1.066667 1.100000 1.133333 1.166667 1.200000 1.233333 1.266667 1.300000 1.333333 1.366667 1.400000 1.433333 1.466667 1.500000 1.533333 1.566667
1.600000 1.633333 1.666667 1.700000 1.733333 1.766667 1.800000 1.833333 1.866667 1.900000 1.933333 1.966667 2.000000 2.033333 2.066667 2.100000
2.133333 2.166667 2.200000 2.233333 2.266667 2.300000 2.333333 2.366667 2.400000 2.433333 2.466667 2.500000 2.533333 2.566667 2.600000 2.633333
2.666667 2.700000 2.733333 2.766667 2.800000 2.833333 2.866667 2.900000 2.933333 2.966667 3.000000 3.033333 3.066667 3.100000 3.133333 3.166667
3.200000 3.233333</float_array>
        <technique_common>
          <accessor source="#mixamorig_Spine1-Matrix-animation-input-array" count="98">
            <param name="TIME" type="float"/>
          </accessor>
        </technique_common>
      </source>
      <source id="mixamorig_Spine1-Matrix-animation-output-transform">
        <float_array id="mixamorig_Spine1-Matrix-animation-output-transform-array" count="1568">

0.995240 0.097123 0.007983 0.000000 -0.095932 0.990841 -0.095030 11.597900 -0.017139 0.093812 0.995442 0.000000 0.000000 0.000000 0.000000 1.000000
0.995555 0.093964 0.006453 0.000000 -0.092957 0.991293 -0.093263 11.597900 -0.015160 0.092249 0.995621 0.000000 0.000000 0.000000 0.000000 1.000000
0.996272 0.086218 0.002825 0.000000 -0.085639 0.992452 -0.087774 11.597900 -0.010371 0.087205 0.996136 -0.000000 0.000000 0.000000 0.000000 1.000000
0.997070 0.076482 -0.001497 -0.000000 -0.076362 0.993962 -0.078794 11.597900 -0.004538 0.078677 0.996890 0.000000 0.000000 0.000000 0.000000 1.000000
0.997787 0.066269 -0.005475 -0.000000 -0.066484 0.995709 -0.064375 11.597900 0.001185 0.064597 0.997911 0.000000 0.000000 0.000000 0.000000 1.000000
0.998442 0.054990 -0.009478 0.000000 -0.055392 0.997250 -0.049237 11.597900 0.006745 0.049685 0.998742 0.000000 0.000000 0.000000 0.000000 1.000000
0.998907 0.045184 -0.011936 0.000000 -0.045577 0.998347 -0.035023 11.597900 0.010334 0.035529 0.999315 -0.000000 0.000000 0.000000 0.000000 1.000000
0.999272 0.036674 -0.010537 -0.000000 -0.036907 0.999057 -0.022852 11.597900 0.009689 0.023224 0.999683 0.000000 0.000000 0.000000 0.000000 1.000000
0.999614 0.027280 -0.005194 0.000000 -0.027341 0.999553 -0.012053 11.597900 0.004863 0.012190 0.999914 0.000000 0.000000 0.000000 0.000000 1.000000
0.999820 0.018992 -0.000482 0.000000 -0.018993 0.999816 -0.002614 11.597900 0.000433 0.002623 0.999996 0.000000 0.000000 0.000000 0.000000 1.000000
0.999928 0.011776 0.002199 0.000000 -0.011790 0.999910 0.006373 11.597900 -0.002124 -0.006399 0.999977 0.000000 0.000000 0.000000 0.000000 1.000000
0.999967 0.007063 0.004078 0.000000 -0.007105 0.999921 0.010399 11.597900 -0.004004 -0.010428 0.999938 0.000000 0.000000 0.000000 0.000000 1.000000
0.999941 0.005042 0.009633 0.000000 -0.005112 0.999961 0.007199 11.597900 -0.009596 -0.007248 0.999928 0.000000 0.000000 0.000000 0.000000 1.000000
0.999781 0.012915 0.016452 0.000000 -0.013086 0.999861 0.010312 11.597900 -0.016317 -0.010525 0.999811 0.000000 0.000000 0.000000 0.000000 1.000000
0.999507 0.020298 0.023954 0.000000 -0.020367 0.999789 0.002655 11.597900 -0.023895 -0.003141 0.999710 0.000000 0.000000 0.000000 0.000000 1.000000
