<?xml version="1.0" encoding="utf-8"?>
<COLLADA xmlns="http://www.collada.org/2005/11/COLLADASchema" version="1.4.1">
  <asset>
    <contributor>
      <author>Mixamo</author>
      <authoring_tool>COLLADA Mixamo exporter</authoring_tool>
      <comments/>
    </contributor>
    <created>2022-11-27T23:51:37Z</created>
    <modified>2022-11-27T23:51:37Z</modified>
    <revision/>
    <title/>
    <unit meter="0.010000"/>
    <up_axis>Y_UP</up_axis>
  </asset>
  <library_animations>
    <animation id="mixamorig_Hips-anim" name="mixamorig_Hips">
      <source id="mixamorig_Hips-Matrix-animation-input">
        <float_array id="mixamorig_Hips-Matrix-animation-input-array" count="156">

0.000000 0.033333 0.066667 0.100000 0.133333 0.166667 0.200000 0.233333 0.266667 0.300000 0.333333 0.366667 0.400000 0.433333 0.466667 0.500000
0.533333 0.566667 0.600000 0.633333 0.666667 0.700000 0.733333 0.766667 0.800000 0.833333 0.866667 0.900000 0.933333 0.966667 1.000000 1.033333
1.066667 1.100000 1.133333 1.166667 1.200000 1.233333 1.266667 1.300000 1.333333 1.366667 1.400000 1.433333 1.466667 1.500000 1.533333 1.566667
1.600000 1.633333 1.666667 1.700000 1.733333 1.766667 1.800000 1.833333 1.866667 1.900000 1.933333 1.966667 2.000000 2.033333 2.066667 2.100000
2.133333 2.166667 2.200000 2.233333 2.266667 2.300000 2.333333 2.366667 2.400000 2.433333 2.466667 2.500000 2.533333 2.566667 2.600000 2.633333
2.666667 2.700000 2.733333 2.766667 2.800000 2.833333 2.866667 2.900000 2.933333 2.966667 3.000000 3.033333 3.066667 3.100000 3.133333 3.166667
3.200000 3.233333 3.266667 3.300000 3.333333 3.366667 3.400000 3.433333 3.466667 3.500000 3.533333 3.566667 3.600000 3.633333 3.666667 3.700000
3.733333 3.766667 3.800000 3.833333 3.866667 3.900000 3.933333 3.966667 4.000000 4.033333 4.066667 4.100000 4.133333 4.166667 4.200000 4.233333
4.266667 4.300000 4.333333 4.366667 4.400000 4.433333 4.466667 4.500000 4.533333 4.566667 4.600000 4.633333 4.666667 4.700000 4.733333 4.766667
4.800000 4.833333 4.866667 4.900000 4.933333 4.966667 5.000000 5.033333 5.066667 5.100000 5.133333 5.166667</float_array>
        <technique_common>
          <accessor source="#mixamorig_Hips-Matrix-animation-input-array" count="156">
            <param name="TIME" type="float"/>
          </accessor>
        </technique_common>
      </source>
      <source id="mixamorig_Hips-Matrix-animation-output-transform">
        <float_array id="mixamorig_Hips-Matrix-animation-output-transform-array" count="2496">

0.521746 -0.062063 -0.850840 0.184756 0.073345 0.996921 -0.027743 105.219406 0.849942 -0.047930 0.524691 0.169396 0.000000 0.000000 0.000000 1.000000
0.522109 -0.062923 -0.850554 0.082457 0.073539 0.996882 -0.028606 105.242142 0.849702 -0.047613 0.525109 0.003576 0.000000 0.000000 0.000000 1.000000
0.522718 -0.064210 -0.850084 -0.193334 0.074278 0.996798 -0.029619 105.308678 0.849264 -0.047660 0.525814 -0.461299 0.000000 0.000000 0.000000 1.000000
0.522882 -0.065444 -0.849889 -0.608232 0.075347 0.996694 -0.030392 105.399284 0.849069 -0.048145 0.526084 -1.166767 0.000000 0.000000 0.000000 1.000000
0.521883 -0.066492 -0.850422 -1.122985 0.076699 0.996577 -0.030852 105.492378 0.849562 -0.049125 0.525196 -2.053497 0.000000 0.000000 0.000000 1.000000
0.519005 -0.067200 -0.852125 -1.699958 0.078333 0.996449 -0.030871 105.567184 0.851174 -0.050727 0.522426 -3.064260 0.000000 0.000000 0.000000 1.000000
0.513518 -0.067438 -0.855425 -2.301872 0.080357 0.996305 -0.030305 105.624397 0.854308 -0.053177 0.517040 -4.146303 0.000000 0.000000 0.000000 1.000000
0.504671 -0.066740 -0.860728 -2.884266 0.082256 0.996189 -0.029015 105.644371 0.859384 -0.056157 0.508237 -5.224583 0.000000 0.000000 0.000000 1.000000
0.491674 -0.064974 -0.868352 -3.412900 0.084195 0.996087 -0.026859 105.575287 0.866700 -0.059905 0.495220 -6.247528 0.000000 0.000000 0.000000 1.000000
0.473690 -0.061927 -0.878512 -3.849715 0.086242 0.995992 -0.023707 105.395538 0.876459 -0.064535 0.477132 -7.154316 0.000000 0.000000 0.000000 1.000000
0.442131 -0.055311 -0.895243 -4.107481 0.088986 0.995878 -0.017582 105.149330 0.892525 -0.071890 0.445231 -7.692123 0.000000 0.000000 0.000000 1.000000
0.402129 -0.046351 -0.914409 -4.159903 0.090670 0.995825 -0.010604 104.877769 0.911082 -0.078645 0.404653 -7.832968 0.000000 0.000000 0.000000 1.000000
0.366943 -0.044519 -0.929177 -4.002959 0.091446 0.995743 -0.011595 104.651230 0.925738 -0.080715 0.369452 -7.764009 0.000000 0.000000 0.000000 1.000000
0.338149 -0.046239 -0.939956 -3.699860 0.091460 0.995679 -0.016078 104.525223 0.936638 -0.080532 0.340917 -7.522042 0.000000 0.000000 0.000000 1.000000
0.317308 -0.045755 -0.947218 -3.350992 0.091705 0.995635 -0.017373 104.536285 0.943878 -0.081352 0.320119 -7.208398 0.000000 0.000000 0.000000 1.000000
0.300778 -0.044051 -0.952676 -2.991856 0.090871 0.995712 -0.017351 104.687325 0.949355 -0.081351 0.303491 -6.916617 0.000000 0.000000 0.000000 1.000000
0.285208 -0.046549 -0.957335 -2.592816 0.089475 0.995751 -0.021761 104.928352 0.954280 -0.079451 0.288161 -6.605122 0.000000 0.000000 0.000000 1.000000
0.271980 -0.052747 -0.960856 -2.144856 0.087456 0.995719 -0.029906 105.196945 0.958320 -0.075899 0.275429 -6.203290 0.000000 0.000000 0.000000 1.000000
0.259788 -0.054203 -0.964143 -1.708165 0.083564 0.995940 -0.033474 105.482948 0.962043 -0.071872 0.263263 -5.771453 0.000000 0.000000 0.000000 1.000000
0.243984 -0.052884 -0.968336 -1.293510 0.078928 0.996282 -0.034524 105.717949 0.966562 -0.068005 0.247251 -5.334803 0.000000 0.000000 0.000000 1.000000
0.222033 -0.052335 -0.973634 -0.896621 0.074803 0.996530 -0.036508 105.844032 0.972166 -0.064725 0.225177 -4.870350 0.000000 0.000000 0.000000 1.000000
0.194669 -0.050468 -0.979570 -0.530514 0.071127 0.996773 -0.037219 105.903168 0.978287 -0.062428 0.197631 -4.382330 0.000000 0.000000 0.000000 1.000000
0.163995 -0.046529 -0.985363 -0.208546 0.068233 0.997030 -0.035724 105.950798 0.984098 -0.061376 0.166683 -3.881378 0.000000 0.000000 0.000000 1.000000
0.132862 -0.042405 -0.990227 0.058303 0.066922 0.997188 -0.033724 106.003708 0.988873 -0.061787 0.135326 -3.391849 0.000000 0.000000 0.000000 1.000000
0.103942 -0.038474 -0.993839 0.273895 0.066562 0.997280 -0.031646 106.047646 0.992354 -0.062863 0.106221 -2.944047 0.000000 0.000000 0.000000 1.000000
0.076437 -0.033286 -0.996519 0.450867 0.064956 0.997486 -0.028336 105.987175 0.994956 -0.062564 0.078407 -2.572608 0.000000 0.000000 0.000000 1.000000
0.049904 -0.027818 -0.998367 0.613062 0.061817 0.997782 -0.024711 105.906044 0.996839 -0.060482 0.051513 -2.247206 0.000000 0.000000 0.000000 1.000000
0.026756 -0.024119 -0.999351 0.739514 0.058300 0.998045 -0.022527 105.812706 0.997940 -0.057660 0.028110 -1.929257 0.000000 0.000000 0.000000 1.000000
0.005700 -0.022024 -0.999741 0.816317 0.054471 0.998280 -0.021682 105.718475 0.998499 -0.054333 0.006890 -1.569639 0.000000 0.000000 0.000000 1.000000
-0.015217 -0.019392 -0.999696 0.856696 0.050590 0.998516 -0.020139 105.621208 0.998604 -0.050882 -0.014213 -1.180408 0.000000 0.000000 0.000000 1.000000
-0.036881 -0.016095 -0.999190 0.896153 0.047278 0.998723 -0.017832 105.529144 0.998201 -0.047898 -0.036073 -0.823487 0.000000 0.000000 0.000000 1.000000
-0.058492 -0.013534 -0.998196 0.927492 0.044104 0.998897 -0.016128 105.457993 0.997313 -0.044967 -0.057830 -0.544037 0.000000 0.000000 0.000000 1.000000
-0.076568 -0.011284 -0.997001 0.910047 0.040226 0.999087 -0.014397 105.419647 0.996253 -0.041208 -0.076044 -0.355645 0.000000 0.000000 0.000000 1.000000
-0.091809 -0.008999 -0.995736 0.863130 0.036715 0.999249 -0.012416 105.392509 0.995100 -0.037699 -0.091410 -0.252270 0.000000 0.000000 0.000000 1.000000
-0.106020 -0.007106 -0.994339 0.813208 0.033841 0.999369 -0.010750 105.367043 0.993788 -0.034789 -0.105712 -0.207630 0.000000 0.000000 0.000000 1.000000
-0.118713 -0.005913 -0.992911 0.750325 0.031087 0.999470 -0.009669 105.360664 0.992442 -0.032014 -0.118466 -0.213274 0.000000 0.000000 0.000000 1.000000
-0.130470 -0.005235 -0.991438 0.672640 0.028963 0.999539 -0.009089 105.377609 0.991029 -0.029900 -0.130258 -0.259028 0.000000 0.000000 0.000000 1.000000
-0.142085 -0.004085 -0.989846 0.570931 0.027201 0.999598 -0.008030 105.426109 0.989481 -0.028066 -0.141916 -0.336146 0.000000 0.000000 0.000000 1.000000
-0.153550 -0.002275 -0.988138 0.433200 0.024911 0.999671 -0.006172 105.516136 0.987827 -0.025563 -0.153443 -0.454406 0.000000 0.000000 0.000000 1.000000
-0.164520 -0.001106 -0.986373 0.288518 0.022396 0.999737 -0.004856 105.626640 0.986119 -0.022890 -0.164452 -0.597884 0.000000 0.000000 0.000000 1.000000
-0.173758 -0.001004 -0.984788 0.169986 0.020012 0.999789 -0.004551 105.741905 0.984585 -0.020498 -0.173701 -0.735739 0.000000 0.000000 0.000000 1.000000
-0.181467 -0.001520 -0.983396 0.067115 0.016969 0.999845 -0.004677 105.867264 0.983251 -0.017536 -0.181413 -0.874395 0.000000 0.000000 0.000000 1.000000
-0.188379 -0.003057 -0.982092 -0.016218 0.013080 0.999899 -0.005622 105.997505 0.982009 -0.013905 -0.188319 -1.035140 0.000000 0.000000 0.000000 1.000000
-0.192078 -0.006415 -0.981359 -0.067053 0.010147 0.999912 -0.008523 106.126465 0.981327 -0.011594 -0.191996 -1.238295 0.000000 0.000000 0.000000 1.000000
-0.188782 -0.010339 -0.981965 -0.100487 0.009055 0.999884 -0.012269 106.268082 0.981977 -0.011208 -0.188666 -1.495304 0.000000 0.000000 0.000000 1.000000
-0.178811 -0.013060 -0.983797 -0.119561 0.007724 0.999862 -0.014677 106.422752 0.983853 -0.010223 -0.178685 -1.801428 0.000000 0.000000 0.000000 1.000000
-0.164675 -0.015083 -0.986233 -0.140769 0.005638 0.999852 -0.016233 106.593315 0.986332 -0.008234 -0.164566 -2.147392 0.000000 0.000000 0.000000 1.000000
-0.147888 -0.018350 -0.988834 -0.202264 0.003914 0.999809 -0.019139 106.776520 0.988996 -0.006700 -0.147788 -2.524261 0.000000 0.000000 0.000000 1.000000
-0.131328 -0.022381 -0.991086 -0.292750 0.002644 0.999734 -0.022927 106.979424 0.991335 -0.005631 -0.131234 -2.916817 0.000000 0.000000 0.000000 1.000000
-0.117265 -0.025914 -0.992762 -0.400155 0.002020 0.999651 -0.026333 107.179504 0.993099 -0.005093 -0.117172 -3.292522 0.000000 0.000000 0.000000 1.000000
-0.103473 -0.028370 -0.994228 -0.549663 0.001527 0.999587 -0.028682 107.369652 0.994631 -0.004486 -0.103387 -3.632801 0.000000 0.000000 0.000000 1.000000
-0.087504 -0.029236 -0.995735 -0.753687 0.000108 0.999569 -0.029358 107.566277 0.996164 -0.002676 -0.087463 -3.941132 0.000000 0.000000 0.000000 1.000000
-0.072142 -0.029846 -0.996948 -0.958990 -0.001154 0.999554 -0.029840 107.735062 0.997394 -0.001003 -0.072144 -4.215807 0.000000 0.000000 0.000000 1.000000
-0.058383 -0.031177 -0.997807 -1.134395 -0.001451 0.999514 -0.031146 107.901657 0.998293 -0.000371 -0.058400 -4.450843 0.000000 0.000000 0.000000 1.000000
-0.043743 -0.032507 -0.998514 -1.313556 -0.001379 0.999472 -0.032477 108.074593 0.999042 -0.000044 -0.043764 -4.663514 0.000000 0.000000 0.000000 1.000000
-0.027192 -0.033467 -0.999070 -1.504023 -0.001119 0.999440 -0.033449 108.262756 0.999630 0.000209 -0.027214 -4.854527 0.000000 0.000000 0.000000 1.000000
-0.008350 -0.035127 -0.999348 -1.702076 -0.000186 0.999383 -0.035127 108.441254 0.999965 -0.000107 -0.008351 -5.020879 0.000000 0.000000 0.000000 1.000000
0.012183 -0.037541 -0.999221 -1.912023 0.001179 0.999295 -0.037529 108.612122 0.999925 -0.000721 0.012218 -5.177742 0.000000 0.000000 0.000000 1.000000
0.032804 -0.039568 -0.998678 -2.131757 0.002123 0.999217 -0.039520 108.795280 0.999460 -0.000824 0.032862 -5.334578 0.000000 0.000000 0.000000 1.000000
0.053379 -0.040905 -0.997736 -2.372433 0.002471 0.999163 -0.040831 108.981544 0.998571 -0.000286 0.053436 -5.484930 0.000000 0.000000 0.000000 1.000000
0.073855 -0.042423 -0.996366 -2.634692 0.002647 0.999100 -0.042343 109.141144 0.997265 0.000489 0.073901 -5.627833 0.000000 0.000000 0.000000 1.000000
0.093942 -0.045110 -0.994555 -2.902918 0.003252 0.998982 -0.045004 109.297173 0.995572 0.000993 0.093993 -5.758560 0.000000 0.000000 0.000000 1.000000
0.112829 -0.047767 -0.992466 -3.184683 0.004098 0.998858 -0.047609 109.465744 0.993606 0.001305 0.112896 -5.875719 0.000000 0.000000 0.000000 1.000000
0.129343 -0.048997 -0.990389 -3.472644 0.004180 0.998797 -0.048867 109.636597 0.991591 0.002181 0.129392 -5.978743 0.000000 0.000000 0.000000 1.000000
0.143533 -0.049498 -0.988407 -3.750704 0.003455 0.998767 -0.049516 109.803383 0.989640 0.003692 0.143527 -6.054346 0.000000 0.000000 0.000000 1.000000
0.156290 -0.050913 -0.986398 -4.011033 0.003150 0.998691 -0.051048 109.955643 0.987706 0.004871 0.156246 -6.087349 0.000000 0.000000 0.000000 1.000000
0.168018 -0.052011 -0.984411 -4.266575 0.003564 0.998633 -0.052154 110.098251 0.985778 0.005254 0.167973 -6.085906 0.000000 0.000000 0.000000 1.000000
0.179555 -0.051682 -0.982389 -4.522659 0.003294 0.998645 -0.051935 110.237190 0.983742 0.006089 0.179482 -6.069607 0.000000 0.000000 0.000000 1.000000
0.192084 -0.052037 -0.979998 -4.758744 0.002195 0.998614 -0.052595 110.350571 0.981376 0.007951 0.191931 -6.036468 0.000000 0.000000 0.000000 1.000000
0.205978 -0.053473 -0.977094 -4.968903 0.001770 0.998525 -0.054273 110.439987 0.978555 0.009449 0.205769 -5.982330 0.000000 0.000000 0.000000 1.000000
0.222478 -0.055261 -0.973370 -5.157063 0.001437 0.998410 -0.056354 110.533463 0.974937 0.011139 0.222204 -5.942693 0.000000 0.000000 0.000000 1.000000
0.245564 -0.056233 -0.967748 -5.358027 -0.001119 0.998299 -0.058292 110.595612 0.969380 0.015397 0.245084 -5.977224 0.000000 0.000000 0.000000 1.000000
0.281667 -0.056764 -0.957832 -5.619862 -0.004183 0.998166 -0.060384 110.570869 0.959503 0.021015 0.280913 -6.103006 0.000000 0.000000 0.000000 1.000000
0.333103 -0.056926 -0.941171 -5.965209 -0.005114 0.998052 -0.062177 110.555473 0.942877 0.025525 0.332163 -6.343247 0.000000 0.000000 0.000000 1.000000
0.393036 -0.054919 -0.917882 -6.374118 -0.005932 0.998043 -0.062255 110.557259 0.919504 0.029913 0.391941 -6.692177 0.000000 0.000000 0.000000 1.000000
0.454332 -0.051290 -0.889355 -6.831419 -0.006823 0.998112 -0.061048 110.516823 0.890806 0.033804 0.453124 -7.078219 0.000000 0.000000 0.000000 1.000000
0.513087 -0.048128 -0.856986 -7.343688 -0.005488 0.998222 -0.059345 110.469376 0.858319 0.035152 0.511911 -7.441273 0.000000 0.000000 0.000000 1.000000
0.567821 -0.045745 -0.821880 -7.869109 -0.003556 0.998309 -0.058021 110.422714 0.823144 0.035868 0.566698 -7.768886 0.000000 0.000000 0.000000 1.000000
0.619713 -0.043838 -0.783603 -8.354228 -0.002891 0.998305 -0.058136 110.360870 0.784823 0.038293 0.618536 -8.064313 0.000000 0.000000 0.000000 1.000000
0.669498 -0.040725 -0.741697 -8.828094 -0.002781 0.998352 -0.057328 110.330635 0.742809 0.040444 0.668281 -8.287723 0.000000 0.000000 0.000000 1.000000
0.716152 -0.037092 -0.696959 -9.301132 -0.002089 0.998468 -0.055285 110.339615 0.697942 0.041048 0.714977 -8.427646 0.000000 0.000000 0.000000 1.000000
0.757857 -0.035898 -0.651433 -9.718201 0.000136 0.998494 -0.054864 110.332794 0.652421 0.041490 0.756720 -8.530005 0.000000 0.000000 0.000000 1.000000
0.793696 -0.035981 -0.607250 -10.084501 0.003175 0.998481 -0.055013 110.316551 0.608306 0.041736 0.792604 -8.587718 0.000000 0.000000 0.000000 1.000000
0.823833 -0.035098 -0.565745 -10.451001 0.005338 0.998517 -0.054174 110.300674 0.566808 0.041611 0.822799 -8.587626 0.000000 0.000000 0.000000 1.000000
0.848110 -0.035014 -0.528663 -10.794211 0.007943 0.998542 -0.053393 110.250908 0.529761 0.041084 0.847151 -8.541089 0.000000 0.000000 0.000000 1.000000
0.866832 -0.036242 -0.497281 -11.095862 0.011654 0.998555 -0.052460 110.187431 0.498464 0.039678 0.866002 -8.427118 0.000000 0.000000 0.000000 1.000000
0.880982 -0.036436 -0.471746 -11.379896 0.014333 0.998628 -0.050364 110.150093 0.472933 0.037608 0.880295 -8.223943 0.000000 0.000000 0.000000 1.000000
0.891668 -0.036588 -0.451208 -11.633213 0.016291 0.998676 -0.048789 110.128212 0.452396 0.036153 0.891084 -7.960841 0.000000 0.000000 0.000000 1.000000
0.900217 -0.038157 -0.433766 -11.849716 0.018968 0.998644 -0.048483 110.111641 0.435028 0.035418 0.899720 -7.657137 0.000000 0.000000 0.000000 1.000000
0.907798 -0.039452 -0.417548 -12.048998 0.021158 0.998606 -0.048353 110.112549 0.418874 0.035060 0.907367 -7.308994 0.000000 0.000000 0.000000 1.000000
0.914901 -0.040406 -0.401650 -12.229642 0.022800 0.998562 -0.048519 110.139023 0.403033 0.035233 0.914507 -6.911036 0.000000 0.000000 0.000000 1.000000
0.921371 -0.042150 -0.386391 -12.386798 0.025059 0.998476 -0.049165 110.187263 0.387875 0.035616 0.921024 -6.461856 0.000000 0.000000 0.000000 1.000000
0.927244 -0.043584 -0.371914 -12.526160 0.027018 0.998402 -0.049640 110.246361 0.373483 0.035980 0.926939 -5.984934 0.000000 0.000000 0.000000 1.000000
0.932832 -0.044514 -0.357553 -12.644772 0.028401 0.998336 -0.050192 110.297325 0.359192 0.036666 0.932543 -5.509377 0.000000 0.000000 0.000000 1.000000
0.938211 -0.046101 -0.342979 -12.738320 0.030135 0.998206 -0.051741 110.341560 0.344749 0.038208 0.937917 -5.051297 0.000000 0.000000 0.000000 1.000000
0.942884 -0.048045 -0.329637 -12.806857 0.031952 0.998026 -0.054068 110.393723 0.331584 0.040447 0.942558 -4.606187 0.000000 0.000000 0.000000 1.000000
0.946117 -0.048945 -0.320104 -12.856955 0.032689 0.997898 -0.055964 110.455223 0.322170 0.042485 0.945728 -4.169417 0.000000 0.000000 0.000000 1.000000
0.948231 -0.049504 -0.313699 -12.886849 0.033108 0.997803 -0.057383 110.540207 0.315850 0.044027 0.947787 -3.730074 0.000000 0.000000 0.000000 1.000000
0.949967 -0.050751 -0.308199 -12.890464 0.034088 0.997663 -0.059213 110.660408 0.310484 0.045745 0.949477 -3.284285 0.000000 0.000000 0.000000 1.000000
0.951495 -0.051757 -0.303279 -12.872541 0.034700 0.997512 -0.061366 110.796104 0.305701 0.047866 0.950924 -2.841062 0.000000 0.000000 0.000000 1.000000
0.952776 -0.051540 -0.299269 -12.850127 0.034288 0.997448 -0.062619 110.925339 0.301732 0.049401 0.952112 -2.397305 0.000000 0.000000 0.000000 1.000000
0.953961 -0.051070 -0.295552 -12.817889 0.033610 0.997393 -0.063861 111.054901 0.298043 0.050988 0.953190 -1.952330 0.000000 0.000000 0.000000 1.000000
0.955237 -0.051895 -0.291256 -12.766586 0.033675 0.997169 -0.067227 111.177826 0.293920 0.054410 0.954280 -1.531842 0.000000 0.000000 0.000000 1.000000
0.956482 -0.052814 -0.286972 -12.725726 0.033994 0.996955 -0.070175 111.301804 0.289805 0.057366 0.955365 -1.133689 0.000000 0.000000 0.000000 1.000000
0.957681 -0.052665 -0.282974 -12.706726 0.033898 0.996913 -0.070817 111.387947 0.285830 0.058228 0.956510 -0.716391 0.000000 0.000000 0.000000 1.000000
0.959118 -0.052479 -0.278098 -12.688409 0.033760 0.996856 -0.071678 111.435097 0.280985 0.059359 0.957875 -0.295820 0.000000 0.000000 0.000000 1.000000
0.960743 -0.052553 -0.272416 -12.679897 0.033695 0.996730 -0.073447 111.579391 0.275385 0.061385 0.959372 0.051181 0.000000 0.000000 0.000000 1.000000
0.962183 -0.052541 -0.267290 -12.679381 0.033662 0.996635 -0.074732 111.761726 0.270317 0.062908 0.960714 0.372171 0.000000 0.000000 0.000000 1.000000
0.963161 -0.052712 -0.263708 -12.665184 0.033871 0.996571 -0.075495 111.878090 0.266784 0.063782 0.961644 0.727186 0.000000 0.000000 0.000000 1.000000
0.963744 -0.052936 -0.261525 -12.637933 0.034070 0.996514 -0.076156 111.959869 0.264644 0.064485 0.962188 1.078206 0.000000 0.000000 0.000000 1.000000
0.964108 -0.052851 -0.260197 -12.612699 0.034157 0.996534 -0.075855 112.039261 0.263304 0.064245 0.962571 1.411754 0.000000 0.000000 0.000000 1.000000
0.964351 -0.052596 -0.259347 -12.595096 0.034106 0.996578 -0.075287 112.125641 0.262419 0.063758 0.962845 1.724305 0.000000 0.000000 0.000000 1.000000
0.964532 -0.052275 -0.258737 -12.582249 0.033751 0.996572 -0.075529 112.214508 0.261798 0.064117 0.962990 2.004606 0.000000 0.000000 0.000000 1.000000
0.964538 -0.051928 -0.258785 -12.567850 0.033271 0.996555 -0.075964 112.279282 0.261839 0.064660 0.962943 2.264987 0.000000 0.000000 0.000000 1.000000
0.964226 -0.051446 -0.260041 -12.554127 0.032801 0.996603 -0.075539 112.349586 0.263044 0.064307 0.962638 2.496770 0.000000 0.000000 0.000000 1.000000
0.963581 -0.051257 -0.262457 -12.543313 0.032552 0.996642 -0.075133 112.527306 0.265427 0.063853 0.962014 2.640026 0.000000 0.000000 0.000000 1.000000
0.962798 -0.051391 -0.265289 -12.511513 0.032480 0.996640 -0.075187 112.651115 0.268261 0.063774 0.961233 2.768706 0.000000 0.000000 0.000000 1.000000
0.961888 -0.051515 -0.268548 -12.432153 0.032331 0.996631 -0.075379 112.545464 0.271527 0.063824 0.960312 2.961980 0.000000 0.000000 0.000000 1.000000
0.960602 -0.052304 -0.272961 -12.334946 0.032745 0.996591 -0.075728 112.479668 0.275991 0.063806 0.959040 3.094060 0.000000 0.000000 0.000000 1.000000
0.958994 -0.053534 -0.278324 -12.229901 0.033534 0.996534 -0.076131 112.444397 0.281435 0.063676 0.957465 3.190975 0.000000 0.000000 0.000000 1.000000
0.957232 -0.054215 -0.284196 -12.105234 0.033885 0.996534 -0.075971 112.272308 0.287330 0.063092 0.955751 3.355828 0.000000 0.000000 0.000000 1.000000
0.955152 -0.054629 -0.291033 -11.991295 0.034151 0.996599 -0.074988 112.306519 0.294140 0.061686 0.953770 3.423644 0.000000 0.000000 0.000000 1.000000
0.952557 -0.055245 -0.299304 -11.887665 0.034425 0.996634 -0.074398 112.507973 0.302407 0.060564 0.951253 3.387227 0.000000 0.000000 0.000000 1.000000
0.949160 -0.055907 -0.309790 -11.762851 0.034157 0.996583 -0.075200 112.590866 0.312936 0.060796 0.947826 3.362687 0.000000 0.000000 0.000000 1.000000
0.944373 -0.056728 -0.323946 -11.595427 0.033527 0.996486 -0.076762 112.581161 0.327162 0.061631 0.942956 3.346956 0.000000 0.000000 0.000000 1.000000
0.937212 -0.058326 -0.343849 -11.379001 0.032904 0.996306 -0.079318 112.556412 0.347205 0.063024 0.935669 3.293456 0.000000 0.000000 0.000000 1.000000
0.927085 -0.060541 -0.369929 -11.137967 0.032367 0.996114 -0.081905 112.486923 0.373450 0.063959 0.925443 3.223571 0.000000 0.000000 0.000000 1.000000
0.914763 -0.061503 -0.399283 -10.915225 0.031731 0.996229 -0.080756 112.383446 0.402744 0.061203 0.913264 3.195365 0.000000 0.000000 0.000000 1.000000
0.901673 -0.061506 -0.428022 -10.690711 0.030907 0.996468 -0.078080 112.199257 0.431313 0.057173 0.900389 3.170314 0.000000 0.000000 0.000000 1.000000
0.887965 -0.061790 -0.455741 -10.458184 0.030346 0.996646 -0.076000 111.937454 0.458909 0.053656 0.886862 3.119251 0.000000 0.000000 0.000000 1.000000
0.873814 -0.062695 -0.482201 -10.226936 0.030713 0.996789 -0.073945 111.655502 0.485289 0.049805 0.872934 3.025629 0.000000 0.000000 0.000000 1.000000
0.860284 -0.063473 -0.505849 -9.982319 0.031947 0.996981 -0.070768 111.374237 0.508814 0.044721 0.859714 2.894406 0.000000 0.000000 0.000000 1.000000
0.847250 -0.062222 -0.527537 -9.706596 0.032550 0.997331 -0.065356 111.076500 0.530196 0.038202 0.847014 2.743737 0.000000 0.000000 0.000000 1.000000
0.832717 -0.060475 -0.550387 -9.361902 0.031900 0.997606 -0.061350 110.731178 0.552779 0.033530 0.832653 2.554320 0.000000 0.000000 0.000000 1.000000
0.815351 -0.061525 -0.575688 -8.928707 0.031818 0.997597 -0.061551 110.339485 0.578091 0.031868 0.815350 2.311258 0.000000 0.000000 0.000000 1.000000
0.796287 -0.064023 -0.601522 -8.443731 0.033269 0.997513 -0.062129 109.938408 0.604004 0.029460 0.796437 2.038070 0.000000 0.000000 0.000000 1.000000
0.777356 -0.064086 -0.625788 -7.942031 0.035100 0.997666 -0.058568 109.543289 0.628081 0.023564 0.777791 1.757303 0.000000 0.000000 0.000000 1.000000
0.758188 -0.062016 -0.649081 -7.413429 0.036848 0.997951 -0.052307 109.134995 0.650994 0.015742 0.758919 1.461411 0.000000 0.000000 0.000000 1.000000
0.736115 -0.061572 -0.674050 -6.805879 0.037883 0.998041 -0.049797 108.701637 0.675795 0.011122 0.737005 1.138535 0.000000 0.000000 0.000000 1.000000
0.710753 -0.062814 -0.700631 -6.138064 0.037708 0.997975 -0.051219 108.265221 0.702430 0.009984 0.711683 0.814989 0.000000 0.000000 0.000000 1.000000
0.685870 -0.063228 -0.724972 -5.480266 0.037097 0.997961 -0.051940 107.855843 0.726778 0.008730 0.686817 0.492073 0.000000 0.000000 0.000000 1.000000
0.664574 -0.063349 -0.744532 -4.848102 0.036923 0.997967 -0.051955 107.482605 0.746310 0.007038 0.665562 0.156748 0.000000 0.000000 0.000000 1.000000
0.646791 -0.065317 -0.759865 -4.230504 0.038072 0.997849 -0.053368 107.135780 0.761716 0.005588 0.647886 -0.166273 0.000000 0.000000 0.000000 1.000000
0.631348 -0.067566 -0.772551 -3.636903 0.040151 0.997709 -0.054445 106.811806 0.774460 0.003355 0.632614 -0.459981 0.000000 0.000000 0.000000 1.000000
0.617338 -0.068771 -0.783686 -3.071536 0.042867 0.997632 -0.053778 106.514954 0.785529 -0.000395 0.618824 -0.721995 0.000000 0.000000 0.000000 1.000000
0.603799 -0.070852 -0.793982 -2.539437 0.047017 0.997473 -0.053256 106.246223 0.795749 -0.005175 0.605604 -0.924663 0.000000 0.000000 0.000000 1.000000
0.590432 -0.073584 -0.803726 -2.064590 0.051726 0.997238 -0.053302 106.013901 0.805428 -0.010103 0.592607 -1.055930 0.000000 0.000000 0.000000 1.000000
0.578533 -0.074775 -0.812224 -1.670939 0.055689 0.997086 -0.052127 105.831970 0.813755 -0.015075 0.581012 -1.137351 0.000000 0.000000 0.000000 1.000000
0.568653 -0.074273 -0.819218 -1.358344 0.059240 0.997027 -0.049272 105.692566 0.820442 -0.020512 0.571362 -1.182636 0.000000 0.000000 0.000000 1.000000
0.559551 -0.072575 -0.825612 -1.104180 0.061828 0.997038 -0.045741 105.581512 0.826486 -0.025451 0.562381 -1.193621 0.000000 0.000000 0.000000 1.000000
0.550715 -0.069916 -0.831760 -0.886985 0.063051 0.997123 -0.042070 105.486061 0.832308 -0.029275 0.553539 -1.160910 0.000000 0.000000 0.000000 1.000000
0.542801 -0.067865 -0.837115 -0.696514 0.065049 0.997133 -0.038658 105.419167 0.837338 -0.033470 0.545660 -1.075156 0.000000 0.000000 0.000000 1.000000
0.535438 -0.066673 -0.841939 -0.519357 0.068082 0.997042 -0.035658 105.361366 0.841826 -0.038228 0.538393 -0.933061 0.000000 0.000000 0.000000 1.000000
0.528555 -0.065363 -0.846379 -0.346190 0.070516 0.996966 -0.032956 105.302513 0.845965 -0.042264 0.531560 -0.739580 0.000000 0.000000 0.000000 1.000000
0.523289 -0.063695 -0.849771 -0.164014 0.071664 0.996959 -0.030597 105.250511 0.849137 -0.044887 0.526263 -0.495761 0.000000 0.000000 0.000000 1.000000
0.522259 -0.062544 -0.850491 0.057530 0.072771 0.996938 -0.028627 105.223061 0.849677 -0.046941 0.525211 -0.091270 0.000000 0.000000 0.000000 1.000000</float_array>
        <technique_common>
          <accessor source="#mixamorig_Hips-Matrix-animation-output-transform-array" count="156" stride="16">
            <param type="float4x4"/>
          </accessor>
        </technique_common>
      </source>
      <source id="mixamorig_Hips-Interpolations">
        <Name_array id="mixamorig_Hips-Interpolations-array" count="156">
 LINEAR LINEAR LINEAR LINEAR LINEAR LINEAR LINEAR LINEAR LINEAR LINEAR LINEAR
LINEAR LINEAR LINEAR LINEAR LINEAR LINEAR LINEAR LINEAR LINEAR LINEAR LINEAR LINEAR
LINEAR LINEAR LINEAR LINEAR LINEAR LINEAR LINEAR LINEAR LINEAR LINEAR LINEAR LINEAR
LINEAR LINEAR LINEAR LINEAR LINEAR LINEAR LINEAR LINEAR LINEAR LINEAR LINEAR LINEAR
LINEAR LINEAR LINEAR LINEAR LINEAR LINEAR LINEAR LINEAR LINEAR LINEAR LINEAR LINEAR
LINEAR LINEAR LINEAR LINEAR LINEAR LINEAR LINEAR LINEAR LINEAR LINEAR LINEAR LINEAR
LINEAR LINEAR LINEAR LINEAR LINEAR LINEAR LINEAR LINEAR LINEAR LINEAR LINEAR LINEAR
LINEAR LINEAR LINEAR LINEAR LINEAR LINEAR LINEAR LINEAR LINEAR LINEAR LINEAR LINEAR
LINEAR LINEAR LINEAR LINEAR LINEAR LINEAR LINEAR LINEAR LINEAR LINEAR LINEAR LINEAR
LINEAR LINEAR LINEAR LINEAR LINEAR LINEAR LINEAR LINEAR LINEAR LINEAR LINEAR LINEAR
LINEAR LINEAR LINEAR LINEAR LINEAR LINEAR LINEAR LINEAR LINEAR LINEAR LINEAR LINEAR
LINEAR LINEAR LINEAR LINEAR LINEAR LINEAR LINEAR LINEAR LINEAR LINEAR LINEAR LINEAR
LINEAR LINEAR LINEAR LINEAR LINEAR LINEAR LINEAR LINEAR LINEAR LINEAR LINEAR LINEAR
LINEAR</Name_array>
        <technique_common>
          <accessor source="#mixamorig_Hips-Interpolations-array" count="156">
            <param type="name"/>
          </accessor>
        </technique_common>
      </source>
      <sampler id="mixamorig_Hips-Matrix-animation-transform">
        <input semantic="INPUT" source="#mixamorig_Hips-Matrix-animation-input"/>
        <input semantic="OUTPUT" source="#mixamorig_Hips-Matrix-animation-output-transform"/>
        <input semantic="INTERPOLATION" source="#mixamorig_Hips-Interpolations"/>
      </sampler>
      <channel source="#mixamorig_Hips-Matrix-animation-transform" target="mixamorig_Hips/matrix"/>
    </animation>
    <animation id="mixamorig_Spine-anim" name="mixamorig_Spine">
      <source id="mixamorig_Spine-Matrix-animation-input">
        <float_array id="mixamorig_Spine-Matrix-animation-input-array" count="156">

0.000000 0.033333 0.066667 0.100000 0.133333 0.166667 0.200000 0.233333 0.266667 0.300000 0.333333 0.366667 0.400000 0.433333 0.466667 0.500000
0.533333 0.566667 0.600000 0.633333 0.666667 0.700000 0.733333 0.766667 0.800000 0.833333 0.866667 0.900000 0.933333 0.966667 1.000000 1.033333
1.066667 1.100000 1.133333 1.166667 1.200000 1.233333 1.266667 1.300000 1.333333 1.366667 1.400000 1.433333 1.466667 1.500000 1.533333 1.566667
1.600000 1.633333 1.666667 1.700000 1.733333 1.766667 1.800000 1.833333 1.866667 1.900000 1.933333 1.966667 2.000000 2.033333 2.066667 2.100000
2.133333 2.166667 2.200000 2.233333 2.266667 2.300000 2.333333 2.366667 2.400000 2.433333 2.466667 2.500000 2.533333 2.566667 2.600000 2.633333
2.666667 2.700000 2.733333 2.766667 2.800000 2.833333 2.866667 2.900000 2.933333 2.966667 3.000000 3.033333 3.066667 3.100000 3.133333 3.166667
3.200000 3.233333 3.266667 3.300000 3.333333 3.366667 3.400000 3.433333 3.466667 3.500000 3.533333 3.566667 3.600000 3.633333 3.666667 3.700000
3.733333 3.766667 3.800000 3.833333 3.866667 3.900000 3.933333 3.966667 4.000000 4.033333 4.066667 4.100000 4.133333 4.166667 4.200000 4.233333
4.266667 4.300000 4.333333 4.366667 4.400000 4.433333 4.466667 4.500000 4.533333 4.566667 4.600000 4.633333 4.666667 4.700000 4.733333 4.766667
4.800000 4.833333 4.866667 4.900000 4.933333 4.966667 5.000000 5.033333 5.066667 5.100000 5.133333 5.166667</float_array>
        <technique_common>
          <accessor source="#mixamorig_Spine-Matrix-animation-input-array" count="156">
            <param name="TIME" type="float"/>
          </accessor>
        </technique_common>
      </source>
      <source id="mixamorig_Spine-Matrix-animation-output-transform">
        <float_array id="mixamorig_Spine-Matrix-animation-output-transform-array" count="2496">

0.998630 0.052228 0.003332 -0.000900 -0.050904 0.984147 -0.169895 9.938600 -0.012152 0.169492 0.985457 0.799700 0.000000 0.000000 0.000000 1.000000
0.998630 0.052232 0.003180 -0.000900 -0.050938 0.984203 -0.169560 9.938600 -0.011986 0.169165 0.985515 0.799700 0.000000 0.000000 0.000000 1.000000
0.998619 0.052471 0.002774 -0.000900 -0.051253 0.984347 -0.168626 9.938600 -0.011578 0.168251 0.985676 0.799700 0.000000 0.000000 0.000000 1.000000
0.998589 0.053053 0.002190 -0.000900 -0.051941 0.984560 -0.167162 9.938600 -0.011025 0.166813 0.985927 0.799700 0.000000 0.000000 0.000000 1.000000
0.998536 0.054076 0.001532 -0.000900 -0.053080 0.984821 -0.165256 9.938600 -0.010446 0.164933 0.986249 0.799700 0.000000 0.000000 0.000000 1.000000
0.998448 0.055690 0.000904 -0.000900 -0.054799 0.985110 -0.162958 9.938600 -0.009966 0.162656 0.986633 0.799700 0.000000 0.000000 0.000000 1.000000
0.998269 0.058810 0.000372 -0.000900 -0.057996 0.985470 -0.159643 9.938600 -0.009755 0.159345 0.987175 0.799700 0.000000 0.000000 0.000000 1.000000
0.998132 0.061102 -0.000143 -0.000900 -0.060378 0.985940 -0.155809 9.938600 -0.009379 0.155526 0.987787 0.799700 0.000000 0.000000 0.000000 1.000000
0.997992 0.063325 -0.001119 -0.000900 -0.062756 0.986328 -0.152374 9.938600 -0.008546 0.152139 0.988322 0.799700 0.000000 0.000000 0.000000 1.000000
0.997867 0.065204 -0.003035 -0.000900 -0.064923 0.986599 -0.149694 9.938600 -0.006767 0.149571 0.988728 0.799700 0.000000 0.000000 0.000000 1.000000
0.997847 0.065350 -0.005479 -0.000900 -0.065439 0.986771 -0.148325 9.938600 -0.004287 0.148364 0.988923 0.799700 0.000000 0.000000 0.000000 1.000000
0.997931 0.063818 -0.007801 -0.000900 -0.064271 0.987080 -0.146773 9.938600 -0.001667 0.146971 0.989139 0.799700 0.000000 0.000000 0.000000 1.000000
0.998080 0.061120 -0.010069 -0.000900 -0.061933 0.987680 -0.143708 9.938600 0.001162 0.144056 0.989569 0.799700 0.000000 0.000000 0.000000 1.000000
0.998284 0.057170 -0.012708 -0.000900 -0.058390 0.988354 -0.140523 9.938600 0.004526 0.141024 0.989996 0.799700 0.000000 0.000000 0.000000 1.000000
0.998454 0.053208 -0.016068 -0.000900 -0.054923 0.988862 -0.138330 9.938600 0.008529 0.138998 0.990256 0.799700 0.000000 0.000000 0.000000 1.000000
0.998597 0.049434 -0.019006 -0.000900 -0.051570 0.989315 -0.136367 9.938600 0.012061 0.137156 0.990476 0.799700 0.000000 0.000000 0.000000 1.000000
0.998702 0.046319 -0.021187 -0.000900 -0.048739 0.989860 -0.133424 9.938600 0.014792 0.134284 0.990833 0.799700 0.000000 0.000000 0.000000 1.000000
0.998792 0.043256 -0.023303 -0.000900 -0.045925 0.990471 -0.129840 9.938600 0.017465 0.130753 0.991261 0.799700 0.000000 0.000000 0.000000 1.000000
0.998912 0.039444 -0.024877 -0.000900 -0.042292 0.991015 -0.126888 9.938600 0.019649 0.127802 0.991605 0.799700 0.000000 0.000000 0.000000 1.000000
0.999077 0.034718 -0.025298 -0.000900 -0.037600 0.991549 -0.124163 9.938600 0.020774 0.125000 0.991939 0.799700 0.000000 0.000000 0.000000 1.000000
0.999196 0.031338 -0.024999 -0.000900 -0.034151 0.992010 -0.121453 9.938600 0.020993 0.122209 0.992282 0.799700 0.000000 0.000000 0.000000 1.000000
0.999270 0.029275 -0.024535 -0.000900 -0.031999 0.992355 -0.119193 9.938600 0.020858 0.119892 0.992568 0.799700 0.000000 0.000000 0.000000 1.000000
0.999346 0.026908 -0.024165 -0.000900 -0.029565 0.992657 -0.117296 9.938600 0.020832 0.117934 0.992803 0.799700 0.000000 0.000000 0.000000 1.000000
0.999401 0.024774 -0.024153 -0.000900 -0.027402 0.992942 -0.115389 9.938600 0.021124 0.115982 0.993027 0.799700 0.000000 0.000000 0.000000 1.000000
0.999419 0.023410 -0.024791 -0.000900 -0.026079 0.993201 -0.113457 9.938600 0.021966 0.114038 0.993234 0.799700 0.000000 0.000000 0.000000 1.000000
0.999424 0.022233 -0.025626 -0.000900 -0.024967 0.993414 -0.111831 9.938600 0.022971 0.112407 0.993397 0.799700 0.000000 0.000000 0.000000 1.000000
0.999436 0.020850 -0.026329 -0.000900 -0.023638 0.993601 -0.110449 9.938600 0.023858 0.111009 0.993533 0.799700 0.000000 0.000000 0.000000 1.000000
0.999440 0.019328 -0.027322 -0.000900 -0.022201 0.993784 -0.109090 9.938600 0.025044 0.109635 0.993656 0.799700 0.000000 0.000000 0.000000 1.000000
0.999436 0.017856 -0.028433 -0.000900 -0.020822 0.993964 -0.107713 9.938600 0.026339 0.108244 0.993775 0.799700 0.000000 0.000000 0.000000 1.000000
0.999423 0.016807 -0.029505 -0.000900 -0.019862 0.994115 -0.106491 9.938600 0.027541 0.107015 0.993876 0.799700 0.000000 0.000000 0.000000 1.000000
0.999419 0.015773 -0.030206 -0.000900 -0.018887 0.994215 -0.105737 9.938600 0.028364 0.106246 0.993935 0.799700 0.000000 0.000000 0.000000 1.000000
0.999424 0.015017 -0.030448 -0.000900 -0.018139 0.994305 -0.105016 9.938600 0.028697 0.105507 0.994004 0.799700 0.000000 0.000000 0.000000 1.000000
0.999414 0.014328 -0.031090 -0.000900 -0.017503 0.994382 -0.104395 9.938600 0.029420 0.104878 0.994050 0.799700 0.000000 0.000000 0.000000 1.000000
0.999378 0.014171 -0.032290 -0.000900 -0.017454 0.994448 -0.103770 9.938600 0.030640 0.104269 0.994077 0.799700 0.000000 0.000000 0.000000 1.000000
0.999340 0.014189 -0.033453 -0.000900 -0.017576 0.994503 -0.103221 9.938600 0.031805 0.103741 0.994096 0.799700 0.000000 0.000000 0.000000 1.000000
0.999302 0.014116 -0.034582 -0.000900 -0.017605 0.994551 -0.102752 9.938600 0.032943 0.103289 0.994106 0.799700 0.000000 0.000000 0.000000 1.000000
0.999256 0.014371 -0.035787 -0.000900 -0.017963 0.994606 -0.102154 9.938600 0.034126 0.102720 0.994125 0.799700 0.000000 0.000000 0.000000 1.000000
0.999212 0.014712 -0.036875 -0.000900 -0.018397 0.994650 -0.101655 9.938600 0.035182 0.102253 0.994136 0.799700 0.000000 0.000000 0.000000 1.000000
0.999177 0.015104 -0.037650 -0.000900 -0.018857 0.994667 -0.101404 9.938600 0.035918 0.102031 0.994133 0.799700 0.000000 0.000000 0.000000 1.000000
0.999147 0.015611 -0.038229 -0.000900 -0.019408 0.994692 -0.101050 9.938600 0.036449 0.101706 0.994147 0.799700 0.000000 0.000000 0.000000 1.000000
0.999106 0.016170 -0.039054 -0.000900 -0.020028 0.994735 -0.100500 9.938600 0.037223 0.101192 0.994170 0.799700 0.000000 0.000000 0.000000 1.000000
0.999072 0.016427 -0.039826 -0.000900 -0.020352 0.994755 -0.100246 9.938600 0.037971 0.100963 0.994165 0.799700 0.000000 0.000000 0.000000 1.000000
0.999067 0.016419 -0.039938 -0.000900 -0.020350 0.994770 -0.100095 9.938600 0.038086 0.100815 0.994176 0.799700 0.000000 0.000000 0.000000 1.000000
0.999077 0.016318 -0.039730 -0.000900 -0.020216 0.994804 -0.099784 9.938600 0.037895 0.100495 0.994216 0.799700 0.000000 0.000000 0.000000 1.000000
0.999067 0.016499 -0.039909 -0.000900 -0.020408 0.994815 -0.099632 9.938600 0.038058 0.100354 0.994224 0.799700 0.000000 0.000000 0.000000 1.000000
0.999041 0.016608 -0.040512 -0.000900 -0.020604 0.994745 -0.100287 9.938600 0.038634 0.101026 0.994133 0.799700 0.000000 0.000000 0.000000 1.000000
0.999020 0.016821 -0.040935 -0.000900 -0.020892 0.994652 -0.101146 9.938600 0.039015 0.101902 0.994029 0.799700 0.000000 0.000000 0.000000 1.000000
0.999024 0.016775 -0.040852 -0.000900 -0.020862 0.994588 -0.101781 9.938600 0.038924 0.102534 0.993968 0.799700 0.000000 0.000000 0.000000 1.000000
0.999053 0.016884 -0.040100 -0.000900 -0.020903 0.994562 -0.102023 9.938600 0.038159 0.102765 0.993973 0.799700 0.000000 0.000000 0.000000 1.000000
0.999091 0.017529 -0.038850 -0.000900 -0.021419 0.994545 -0.102090 9.938600 0.036848 0.102830 0.994016 0.799700 0.000000 0.000000 0.000000 1.000000
0.999121 0.018426 -0.037640 -0.000900 -0.022192 0.994514 -0.102222 9.938600 0.035550 0.102967 0.994049 0.799700 0.000000 0.000000 0.000000 1.000000
0.999131 0.018948 -0.037132 -0.000900 -0.022675 0.994457 -0.102671 9.938600 0.034981 0.103423 0.994022 0.799700 0.000000 0.000000 0.000000 1.000000
0.999133 0.019351 -0.036849 -0.000900 -0.023060 0.994407 -0.103064 9.938600 0.034648 0.103825 0.993992 0.799700 0.000000 0.000000 0.000000 1.000000
0.999148 0.019916 -0.036160 -0.000900 -0.023555 0.994386 -0.103154 9.938600 0.033903 0.103917 0.994008 0.799700 0.000000 0.000000 0.000000 1.000000
0.999171 0.020247 -0.035327 -0.000900 -0.023800 0.994369 -0.103263 9.938600 0.033038 0.104018 0.994027 0.799700 0.000000 0.000000 0.000000 1.000000
0.999188 0.020669 -0.034583 -0.000900 -0.024154 0.994327 -0.103586 9.938600 0.032246 0.104337 0.994019 0.799700 0.000000 0.000000 0.000000 1.000000
0.999194 0.021259 -0.034052 -0.000900 -0.024692 0.994294 -0.103780 9.938600 0.031652 0.104537 0.994017 0.799700 0.000000 0.000000 0.000000 1.000000
0.999192 0.021932 -0.033672 -0.000900 -0.025320 0.994280 -0.103758 9.938600 0.031204 0.104527 0.994032 0.799700 0.000000 0.000000 0.000000 1.000000
0.999198 0.022452 -0.033145 -0.000900 -0.025786 0.994258 -0.103853 9.938600 0.030623 0.104625 0.994040 0.799700 0.000000 0.000000 0.000000 1.000000
0.999206 0.022901 -0.032611 -0.000900 -0.026184 0.994225 -0.104076 9.938600 0.030039 0.104847 0.994035 0.799700 0.000000 0.000000 0.000000 1.000000
0.999209 0.023488 -0.032094 -0.000900 -0.026715 0.994203 -0.104149 9.938600 0.029462 0.104924 0.994044 0.799700 0.000000 0.000000 0.000000 1.000000
0.999213 0.024020 -0.031582 -0.000900 -0.027186 0.994207 -0.103989 9.938600 0.028901 0.104766 0.994077 0.799700 0.000000 0.000000 0.000000 1.000000
0.999213 0.024569 -0.031139 -0.000900 -0.027680 0.994216 -0.103775 9.938600 0.028410 0.104555 0.994113 0.799700 0.000000 0.000000 0.000000 1.000000
0.999221 0.025133 -0.030431 -0.000900 -0.028165 0.994212 -0.103679 9.938600 0.027649 0.104456 0.994145 0.799700 0.000000 0.000000 0.000000 1.000000
0.999238 0.025638 -0.029420 -0.000900 -0.028560 0.994206 -0.103625 9.938600 0.026592 0.104386 0.994181 0.799700 0.000000 0.000000 0.000000 1.000000
