<?xml version="1.0" encoding="utf-8"?>
<COLLADA xmlns="http://www.collada.org/2005/11/COLLADASchema" version="1.4.1">
  <asset>
    <contributor>
      <author>Mixamo</author>
      <authoring_tool>COLLADA Mixamo exporter</authoring_tool>
      <comments/>
    </contributor>
    <created>2022-11-27T23:52:20Z</created>
    <modified>2022-11-27T23:52:20Z</modified>
    <revision/>
    <title/>
    <unit meter="0.010000"/>
    <up_axis>Y_UP</up_axis>
  </asset>
  <library_animations>
    <animation id="mixamorig_Hips-anim" name="mixamorig_Hips">
      <source id="mixamorig_Hips-Matrix-animation-input">
        <float_array id="mixamorig_Hips-Matrix-animation-input-array" count="89">

0.000000 0.033333 0.066667 0.100000 0.133333 0.166667 0.200000 0.233333 0.266667 0.300000 0.333333 0.366667 0.400000 0.433333 0.466667 0.500000
0.533333 0.566667 0.600000 0.633333 0.666667 0.700000 0.733333 0.766667 0.800000 0.833333 0.866667 0.900000 0.933333 0.966667 1.000000 1.033333
1.066667 1.100000 1.133333 1.166667 1.200000 1.233333 1.266667 1.300000 1.333333 1.366667 1.400000 1.433333 1.466667 1.500000 1.533333 1.566667
1.600000 1.633333 1.666667 1.700000 1.733333 1.766667 1.800000 1.833333 1.866667 1.900000 1.933333 1.966667 2.000000 2.033333 2.066667 2.100000
2.133333 2.166667 2.200000 2.233333 2.266667 2.300000 2.333333 2.366667 2.400000 2.433333 2.466667 2.500000 2.533333 2.566667 2.600000 2.633333
2.666667 2.700000 2.733333 2.766667 2.800000 2.833333 2.866667 2.900000 2.933333</float_array>
        <technique_common>
          <accessor source="#mixamorig_Hips-Matrix-animation-input-array" count="89">
            <param name="TIME" type="float"/>
          </accessor>
        </technique_common>
      </source>
      <source id="mixamorig_Hips-Matrix-animation-output-transform">
        <float_array id="mixamorig_Hips-Matrix-animation-output-transform-array" count="1424">

0.521746 -0.062063 -0.850840 0.184756 0.073345 0.996921 -0.027743 105.219406 0.849942 -0.047930 0.524691 0.169396 0.000000 0.000000 0.000000 1.000000
0.489060 -0.079789 -0.868593 0.487118 0.094844 0.994767 -0.037977 104.950188 0.867078 -0.063808 0.494069 0.636643 0.000000 0.000000 0.000000 1.000000
0.413469 -0.102841 -0.904692 1.159623 0.115661 0.991484 -0.059847 104.410385 0.903142 -0.079893 0.421842 1.786611 0.000000 0.000000 0.000000 1.000000
0.330393 -0.126525 -0.935325 1.683408 0.135401 0.987078 -0.085697 103.965767 0.934081 -0.098330 0.343255 3.031294 0.000000 0.000000 0.000000 1.000000
0.244003 -0.152649 -0.957685 1.618513 0.155238 0.980947 -0.116804 103.671982 0.957269 -0.120169 0.263051 4.305547 0.000000 0.000000 0.000000 1.000000
0.143784 -0.172436 -0.974470 1.219035 0.171029 0.974215 -0.147156 103.159790 0.974718 -0.145504 0.169568 5.653263 0.000000 0.000000 0.000000 1.000000
0.033618 -0.187944 -0.981604 0.513137 0.183396 0.966642 -0.178798 102.605743 0.982464 -0.174012 0.066965 7.288815 0.000000 0.000000 0.000000 1.000000
-0.088131 -0.198640 -0.976102 -0.458642 0.195383 0.957433 -0.212482 101.954895 0.976759 -0.209440 -0.045569 9.079130 0.000000 0.000000 0.000000 1.000000
-0.215148 -0.195711 -0.956770 -1.795650 0.197249 0.950813 -0.238848 101.241028 0.956454 -0.240109 -0.165961 10.884988 0.000000 0.000000 0.000000 1.000000
-0.333694 -0.179666 -0.925402 -3.476818 0.184201 0.950319 -0.250925 100.439812 0.924510 -0.254192 -0.284022 12.587154 0.000000 0.000000 0.000000 1.000000
-0.442357 -0.171405 -0.880307 -5.394424 0.159943 0.950753 -0.265494 99.638268 0.882461 -0.258242 -0.393158 14.110089 0.000000 0.000000 0.000000 1.000000
-0.548333 -0.169663 -0.818869 -7.444137 0.129872 0.950046 -0.283806 98.820114 0.826114 -0.261968 -0.498907 15.303905 0.000000 0.000000 0.000000 1.000000
-0.647125 -0.174870 -0.742058 -9.682618 0.093627 0.947742 -0.304990 98.022110 0.756613 -0.266843 -0.596935 15.975895 0.000000 0.000000 0.000000 1.000000
-0.729159 -0.180519 -0.660106 -11.803639 0.054539 0.946185 -0.318998 97.329697 0.682168 -0.268602 -0.680074 16.108393 0.000000 0.000000 0.000000 1.000000
-0.784149 -0.183688 -0.592764 -13.595665 0.021557 0.946549 -0.321838 96.819107 0.620198 -0.265146 -0.738276 15.646901 0.000000 0.000000 0.000000 1.000000
-0.814457 -0.180528 -0.551425 -15.085857 0.000867 0.949986 -0.312291 96.354568 0.580223 -0.254825 -0.773566 14.582212 0.000000 0.000000 0.000000 1.000000
-0.809356 -0.167064 -0.563057 -15.912847 -0.005347 0.960747 -0.277376 95.958138 0.587295 -0.221485 -0.778479 13.117763 0.000000 0.000000 0.000000 1.000000
-0.767963 -0.158289 -0.620627 -16.112450 -0.001754 0.969497 -0.245097 95.915169 0.640492 -0.187136 -0.744815 11.336919 0.000000 0.000000 0.000000 1.000000
-0.687822 -0.146664 -0.710908 -15.774248 0.002669 0.978857 -0.204526 95.986626 0.725874 -0.142575 -0.672889 9.267521 0.000000 0.000000 0.000000 1.000000
-0.579672 -0.123416 -0.805449 -15.279549 0.005463 0.987853 -0.155297 96.290359 0.814831 -0.094421 -0.571957 6.928504 0.000000 0.000000 0.000000 1.000000
-0.466425 -0.088803 -0.880092 -14.778819 0.007669 0.994505 -0.104412 97.028175 0.884527 -0.055450 -0.463181 4.450621 0.000000 0.000000 0.000000 1.000000
-0.372163 -0.052424 -0.926686 -14.377763 0.006015 0.998246 -0.058888 98.176178 0.928148 -0.027490 -0.371195 2.088012 0.000000 0.000000 0.000000 1.000000
-0.293865 -0.024579 -0.955531 -14.003854 -0.004971 0.999695 -0.024186 99.777824 0.955834 -0.002358 -0.293898 -0.195467 0.000000 0.000000 0.000000 1.000000
-0.199985 0.005885 -0.979781 -13.667172 -0.020324 0.999742 0.010154 102.091690 0.979588 0.021944 -0.199813 -2.194517 0.000000 0.000000 0.000000 1.000000
-0.090592 0.038938 -0.995127 -13.345343 -0.032349 0.998593 0.042018 104.872177 0.995363 0.035998 -0.089205 -3.896832 0.000000 0.000000 0.000000 1.000000
0.017332 0.080669 -0.996590 -13.117911 -0.046243 0.995738 0.079796 107.988861 0.998780 0.044703 0.020989 -5.384624 0.000000 0.000000 0.000000 1.000000
0.114710 0.116162 -0.986584 -12.803887 -0.055155 0.992353 0.110428 111.073883 0.991867 0.041748 0.120240 -6.540784 0.000000 0.000000 0.000000 1.000000
0.233891 0.133057 -0.963115 -12.189224 -0.063137 0.990579 0.121519 113.824524 0.970211 0.032386 0.240089 -7.533896 0.000000 0.000000 0.000000 1.000000
0.366282 0.138534 -0.920134 -11.321091 -0.078294 0.989937 0.117877 116.106339 0.927204 0.028865 0.373442 -8.486953 0.000000 0.000000 0.000000 1.000000
0.494717 0.128036 -0.859571 -10.164378 -0.089248 0.991343 0.096298 118.174927 0.864459 0.029075 0.501862 -9.380611 0.000000 0.000000 0.000000 1.000000
0.610939 0.107419 -0.784356 -9.134151 -0.090100 0.993749 0.065916 118.929054 0.786534 0.030399 0.616798 -10.350786 0.000000 0.000000 0.000000 1.000000
0.697003 0.062788 -0.714314 -8.487123 -0.088677 0.996060 0.001025 117.793999 0.711564 0.062629 0.699825 -11.586175 0.000000 0.000000 0.000000 1.000000
0.775705 0.030064 -0.630379 -8.202265 -0.083150 0.995026 -0.054864 115.186249 0.625594 0.094974 0.774347 -12.735612 0.000000 0.000000 0.000000 1.000000
0.860621 0.015318 -0.509015 -7.998689 -0.079244 0.991400 -0.104148 111.385971 0.503042 0.129968 0.854434 -13.934521 0.000000 0.000000 0.000000 1.000000
0.945106 0.009038 -0.326639 -7.454638 -0.064126 0.985310 -0.158281 104.767128 0.320410 0.170538 0.931802 -15.430485 0.000000 0.000000 0.000000 1.000000
0.981650 0.000247 -0.190694 -6.561094 -0.036963 0.981280 -0.189005 96.409821 0.187077 0.192586 0.963282 -16.159536 0.000000 0.000000 0.000000 1.000000
0.996289 -0.013623 -0.084989 -5.603263 -0.004136 0.978678 -0.205357 87.840782 0.085974 0.204946 0.974990 -16.591343 0.000000 0.000000 0.000000 1.000000
0.999492 -0.030371 -0.009657 -4.691497 0.027653 0.977115 -0.210905 79.491631 0.015841 0.210531 0.977459 -16.727243 0.000000 0.000000 0.000000 1.000000
0.998069 -0.048176 0.039212 -3.945702 0.055359 0.976199 -0.209691 71.843895 -0.028177 0.211457 0.976981 -16.624865 0.000000 0.000000 0.000000 1.000000
0.995584 -0.065638 0.067111 -3.383819 0.078158 0.975570 -0.205316 65.454529 -0.051995 0.209655 0.976392 -16.401497 0.000000 0.000000 0.000000 1.000000
0.993500 -0.080664 0.080321 -2.965409 0.095393 0.974981 -0.200781 60.833572 -0.062116 0.207138 0.976338 -16.158180 0.000000 0.000000 0.000000 1.000000
0.992224 -0.090456 0.085496 -2.767757 0.105934 0.974351 -0.198542 58.403976 -0.065344 0.206055 0.976356 -15.938085 0.000000 0.000000 0.000000 1.000000
0.992368 -0.091059 0.083151 -2.649576 0.106196 0.973828 -0.200951 58.572052 -0.062677 0.208248 0.976066 -15.759629 0.000000 0.000000 0.000000 1.000000
0.993010 -0.091476 0.074589 -2.442825 0.105220 0.972399 -0.208252 59.930141 -0.053480 0.214645 0.975227 -15.627995 0.000000 0.000000 0.000000 1.000000
0.993397 -0.092870 0.067367 -2.380421 0.105397 0.970679 -0.216039 61.747261 -0.045328 0.221713 0.974058 -15.547719 0.000000 0.000000 0.000000 1.000000
0.993912 -0.091534 0.061328 -2.358316 0.103042 0.969308 -0.223213 64.029160 -0.039014 0.228173 0.972839 -15.475340 0.000000 0.000000 0.000000 1.000000
0.994815 -0.087652 0.051587 -2.345500 0.097187 0.968768 -0.228129 66.789238 -0.029980 0.231960 0.972263 -15.422707 0.000000 0.000000 0.000000 1.000000
0.995754 -0.081289 0.043203 -2.387852 0.089215 0.967843 -0.235201 70.006973 -0.022694 0.238057 0.970986 -15.346962 0.000000 0.000000 0.000000 1.000000
0.996536 -0.073876 0.038178 -2.448248 0.080903 0.967493 -0.239606 73.567482 -0.019235 0.241865 0.970119 -15.150232 0.000000 0.000000 0.000000 1.000000
0.997089 -0.068782 0.032893 -2.497206 0.074614 0.968998 -0.235531 77.542381 -0.015673 0.237299 0.971310 -14.821184 0.000000 0.000000 0.000000 1.000000
0.997615 -0.064767 0.023859 -2.476726 0.068533 0.970544 -0.230972 81.790810 -0.008197 0.232056 0.972668 -14.323935 0.000000 0.000000 0.000000 1.000000
0.998010 -0.062026 0.011325 -2.223473 0.062952 0.970110 -0.234358 86.192558 0.003550 0.234604 0.972084 -13.659195 0.000000 0.000000 0.000000 1.000000
0.998057 -0.060392 -0.015301 -1.824979 0.055451 0.973080 -0.223697 90.983910 0.028398 0.222414 0.974539 -12.745641 0.000000 0.000000 0.000000 1.000000
0.996582 -0.055681 -0.061022 -1.219173 0.041691 0.976734 -0.210362 95.934814 0.071316 0.207099 0.975717 -11.486926 0.000000 0.000000 0.000000 1.000000
0.989895 -0.055927 -0.130310 -0.294599 0.030830 0.981840 -0.187191 100.864410 0.138412 0.181282 0.973642 -10.115582 0.000000 0.000000 0.000000 1.000000
0.973065 -0.056856 -0.223410 0.704906 0.019768 0.986119 -0.164862 105.287132 0.229682 0.156005 0.960681 -8.746699 0.000000 0.000000 0.000000 1.000000
0.942158 -0.059147 -0.329910 1.679869 0.011028 0.989244 -0.145860 108.259834 0.334988 0.133785 0.932676 -7.175744 0.000000 0.000000 0.000000 1.000000
0.894621 -0.061962 -0.442508 2.571073 0.006501 0.992039 -0.125766 110.843277 0.446778 0.109636 0.887902 -5.502275 0.000000 0.000000 0.000000 1.000000
0.828259 -0.063298 -0.556759 3.385602 0.005422 0.994458 -0.104994 112.993996 0.560319 0.083943 0.824012 -3.629657 0.000000 0.000000 0.000000 1.000000
0.747420 -0.054692 -0.662097 3.995495 -0.002101 0.996406 -0.084679 114.686577 0.664349 0.064682 0.744619 -1.557699 0.000000 0.000000 0.000000 1.000000
0.651959 -0.045700 -0.756876 4.393392 -0.004552 0.997928 -0.064176 116.046623 0.758240 0.045285 0.650400 0.699074 0.000000 0.000000 0.000000 1.000000
0.548294 -0.039988 -0.835329 4.237157 0.008506 0.999071 -0.042243 116.657417 0.836242 0.016057 0.548125 2.733629 0.000000 0.000000 0.000000 1.000000
0.453205 -0.025737 -0.891035 3.534299 0.027842 0.999504 -0.014709 116.774956 0.890971 -0.018142 0.453697 4.547653 0.000000 0.000000 0.000000 1.000000
0.382028 -0.005411 -0.924135 2.623151 0.043698 0.998970 0.012216 116.330452 0.923117 -0.045050 0.381871 5.878835 0.000000 0.000000 0.000000 1.000000
0.332082 0.001738 -0.943249 1.726236 0.062442 0.997764 0.023822 115.681953 0.941181 -0.066809 0.331231 6.682855 0.000000 0.000000 0.000000 1.000000
0.286575 0.001861 -0.958056 0.950253 0.080186 0.996443 0.025921 114.872498 0.954696 -0.084251 0.285406 7.117656 0.000000 0.000000 0.000000 1.000000
0.245470 0.009201 -0.969361 0.437453 0.088409 0.995575 0.031837 113.871254 0.965364 -0.093515 0.243570 7.200822 0.000000 0.000000 0.000000 1.000000
0.221952 0.020069 -0.974851 0.108812 0.088415 0.995255 0.040620 112.861801 0.971041 -0.095208 0.219124 6.977354 0.000000 0.000000 0.000000 1.000000
0.225202 0.019559 -0.974116 -0.076494 0.086030 0.995494 0.039877 111.921425 0.970507 -0.092783 0.222504 6.463003 0.000000 0.000000 0.000000 1.000000
0.250736 0.009928 -0.968005 -0.047903 0.083437 0.996005 0.031828 111.002907 0.964453 -0.088747 0.248906 5.824692 0.000000 0.000000 0.000000 1.000000
0.289827 0.003178 -0.957074 -0.001814 0.081174 0.996310 0.027890 110.165550 0.953631 -0.085773 0.288499 5.183540 0.000000 0.000000 0.000000 1.000000
0.332213 -0.004096 -0.943196 0.014155 0.081339 0.996390 0.024322 109.462555 0.939691 -0.084798 0.331347 4.467250 0.000000 0.000000 0.000000 1.000000
0.361925 -0.009457 -0.932159 0.083558 0.083918 0.996219 0.022475 108.952469 0.928422 -0.086359 0.361351 3.810397 0.000000 0.000000 0.000000 1.000000
0.377769 -0.013609 -0.925800 0.149579 0.087592 0.995933 0.021102 108.489021 0.921748 -0.089064 0.377424 3.337445 0.000000 0.000000 0.000000 1.000000
0.397874 -0.015720 -0.917305 0.188864 0.087283 0.995967 0.020790 108.139389 0.913279 -0.088337 0.397641 2.947598 0.000000 0.000000 0.000000 1.000000
0.418193 -0.019984 -0.908138 0.268803 0.086553 0.996086 0.017938 107.846741 0.904225 -0.086103 0.418286 2.643961 0.000000 0.000000 0.000000 1.000000
0.432094 -0.025328 -0.901473 0.375144 0.086223 0.996187 0.013340 107.540146 0.897697 -0.083492 0.432630 2.381445 0.000000 0.000000 0.000000 1.000000
0.441989 -0.028146 -0.896579 0.511680 0.085305 0.996297 0.010776 107.188110 0.892955 -0.081246 0.442753 2.173561 0.000000 0.000000 0.000000 1.000000
0.449233 -0.032847 -0.892811 0.626187 0.084759 0.996383 0.005991 106.839165 0.889385 -0.078365 0.450392 1.995367 0.000000 0.000000 0.000000 1.000000
0.455359 -0.038502 -0.889475 0.726795 0.083078 0.996543 -0.000605 106.500870 0.886423 -0.073621 0.456983 1.823284 0.000000 0.000000 0.000000 1.000000
0.460121 -0.042770 -0.886825 0.809470 0.079980 0.996775 -0.006576 106.176315 0.884246 -0.067902 0.462058 1.661162 0.000000 0.000000 0.000000 1.000000
0.464172 -0.046661 -0.884515 0.860480 0.076407 0.996998 -0.012498 105.880402 0.882443 -0.061783 0.466344 1.508197 0.000000 0.000000 0.000000 1.000000
0.469992 -0.051002 -0.881196 0.874657 0.074245 0.997076 -0.018110 105.645927 0.879543 -0.056913 0.472404 1.378550 0.000000 0.000000 0.000000 1.000000
0.478417 -0.053951 -0.876474 0.796222 0.073770 0.997052 -0.021106 105.525284 0.875028 -0.054560 0.480987 1.194510 0.000000 0.000000 0.000000 1.000000
0.488587 -0.056510 -0.870683 0.672853 0.073487 0.997020 -0.023472 105.429649 0.869415 -0.052516 0.491283 0.962210 0.000000 0.000000 0.000000 1.000000
0.499197 -0.058651 -0.864501 0.527332 0.073388 0.996983 -0.025262 105.356483 0.863375 -0.050833 0.501995 0.712134 0.000000 0.000000 0.000000 1.000000
0.508978 -0.060312 -0.858664 0.383587 0.073378 0.996951 -0.026530 105.304329 0.857646 -0.049504 0.511852 0.477523 0.000000 0.000000 0.000000 1.000000
0.516696 -0.061445 -0.853961 0.265076 0.073393 0.996929 -0.027325 105.264107 0.853018 -0.048557 0.519618 0.290484 0.000000 0.000000 0.000000 1.000000
0.521137 -0.062008 -0.851218 0.195047 0.073378 0.996920 -0.027698 105.239227 0.850313 -0.048026 0.524081 0.183126 0.000000 0.000000 0.000000 1.000000</float_array>
        <technique_common>
          <accessor source="#mixamorig_Hips-Matrix-animation-output-transform-array" count="89" stride="16">
            <param type="float4x4"/>
          </accessor>
        </technique_common>
      </source>
      <source id="mixamorig_Hips-Interpolations">
        <Name_array id="mixamorig_Hips-Interpolations-array" count="89">
 LINEAR LINEAR LINEAR LINEAR LINEAR LINEAR LINEAR LINEAR LINEAR LINEAR LINEAR
LINEAR LINEAR LINEAR LINEAR LINEAR LINEAR LINEAR LINEAR LINEAR LINEAR LINEAR LINEAR
LINEAR LINEAR LINEAR LINEAR LINEAR LINEAR LINEAR LINEAR LINEAR LINEAR LINEAR LINEAR
LINEAR LINEAR LINEAR LINEAR LINEAR LINEAR LINEAR LINEAR LINEAR LINEAR LINEAR LINEAR
LINEAR LINEAR LINEAR LINEAR LINEAR LINEAR LINEAR LINEAR LINEAR LINEAR LINEAR LINEAR
LINEAR LINEAR LINEAR LINEAR LINEAR LINEAR LINEAR LINEAR LINEAR LINEAR LINEAR LINEAR
LINEAR LINEAR LINEAR LINEAR LINEAR LINEAR LINEAR LINEAR LINEAR LINEAR LINEAR LINEAR
LINEAR LINEAR LINEAR LINEAR LINEAR LINEAR</Name_array>
        <technique_common>
          <accessor source="#mixamorig_Hips-Interpolations-array" count="89">
            <param type="name"/>
          </accessor>
        </technique_common>
      </source>
      <sampler id="mixamorig_Hips-Matrix-animation-transform">
        <input semantic="INPUT" source="#mixamorig_Hips-Matrix-animation-input"/>
        <input semantic="OUTPUT" source="#mixamorig_Hips-Matrix-animation-output-transform"/>
        <input semantic="INTERPOLATION" source="#mixamorig_Hips-Interpolations"/>
      </sampler>
      <channel source="#mixamorig_Hips-Matrix-animation-transform" target="mixamorig_Hips/matrix"/>
    </animation>
    <animation id="mixamorig_Spine-anim" name="mixamorig_Spine">
      <source id="mixamorig_Spine-Matrix-animation-input">
        <float_array id="mixamorig_Spine-Matrix-animation-input-array" count="89">

0.000000 0.033333 0.066667 0.100000 0.133333 0.166667 0.200000 0.233333 0.266667 0.300000 0.333333 0.366667 0.400000 0.433333 0.466667 0.500000
0.533333 0.566667 0.600000 0.633333 0.666667 0.700000 0.733333 0.766667 0.800000 0.833333 0.866667 0.900000 0.933333 0.966667 1.000000 1.033333
1.066667 1.100000 1.133333 1.166667 1.200000 1.233333 1.266667 1.300000 1.333333 1.366667 1.400000 1.433333 1.466667 1.500000 1.533333 1.566667
1.600000 1.633333 1.666667 1.700000 1.733333 1.766667 1.800000 1.833333 1.866667 1.900000 1.933333 1.966667 2.000000 2.033333 2.066667 2.100000
2.133333 2.166667 2.200000 2.233333 2.266667 2.300000 2.333333 2.366667 2.400000 2.433333 2.466667 2.500000 2.533333 2.566667 2.600000 2.633333
2.666667 2.700000 2.733333 2.766667 2.800000 2.833333 2.866667 2.900000 2.933333</float_array>
        <technique_common>
          <accessor source="#mixamorig_Spine-Matrix-animation-input-array" count="89">
            <param name="TIME" type="float"/>
          </accessor>
        </technique_common>
      </source>
      <source id="mixamorig_Spine-Matrix-animation-output-transform">
        <float_array id="mixamorig_Spine-Matrix-animation-output-transform-array" count="1424">

0.998630 0.052228 0.003332 -0.000900 -0.050904 0.984147 -0.169895 9.938600 -0.012152 0.169492 0.985457 0.799700 0.000000 0.000000 0.000000 1.000000
0.998826 0.047644 0.008812 -0.000900 -0.045450 0.984338 -0.170333 9.938600 -0.016789 0.169732 0.985347 0.799700 0.000000 0.000000 0.000000 1.000000
0.999159 0.035002 0.021377 -0.000900 -0.030859 0.984905 -0.170322 9.938600 -0.027016 0.169519 0.985157 0.799700 0.000000 0.000000 0.000000 1.000000
0.999192 0.021963 0.033664 -0.000900 -0.015994 0.985604 -0.168314 9.938600 -0.036876 0.167640 0.985158 0.799700 0.000000 0.000000 0.000000 1.000000
0.999001 0.011995 0.043052 -0.000900 -0.004855 0.986734 -0.162271 9.938600 -0.044427 0.161900 0.985807 0.799700 0.000000 0.000000 0.000000 1.000000
0.998692 0.004655 0.050926 -0.000900 0.003409 0.987573 -0.157121 9.938600 -0.051024 0.157089 0.986265 0.799700 0.000000 0.000000 0.000000 1.000000
0.998359 -0.002812 0.057191 -0.000900 0.011520 0.988235 -0.152510 9.938600 -0.056089 0.152919 0.986646 0.799700 0.000000 0.000000 0.000000 1.000000
0.998018 -0.007555 0.062468 -0.000900 0.016777 0.988777 -0.148457 9.938600 -0.060645 0.149211 0.986944 0.799700 0.000000 0.000000 0.000000 1.000000
0.997790 -0.011837 0.065376 -0.000900 0.021317 0.989014 -0.146276 9.938600 -0.062926 0.147347 0.987081 0.799700 0.000000 0.000000 0.000000 1.000000
0.997749 -0.020056 0.063993 -0.000900 0.029438 0.988366 -0.149219 9.938600 -0.060255 0.150767 0.986731 0.799700 0.000000 0.000000 0.000000 1.000000
0.998012 -0.030489 0.055167 -0.000900 0.038483 0.987906 -0.150203 9.938600 -0.049921 0.152027 0.987115 0.799700 0.000000 0.000000 0.000000 1.000000
0.998468 -0.037751 0.040459 -0.000900 0.043434 0.987684 -0.150310 9.938600 -0.034286 0.151837 0.987811 0.799700 0.000000 0.000000 0.000000 1.000000
0.998781 -0.042834 0.024517 -0.000900 0.045994 0.987974 -0.147622 9.938600 -0.017899 0.148570 0.988740 0.799700 0.000000 0.000000 0.000000 1.000000
0.998835 -0.047043 0.010746 -0.000900 0.048103 0.988319 -0.144607 9.938600 -0.003817 0.144955 0.989431 0.799700 0.000000 0.000000 0.000000 1.000000
0.998727 -0.050379 -0.002497 -0.000900 0.049514 0.988619 -0.142059 9.938600 0.009625 0.141755 0.989855 0.799700 0.000000 0.000000 0.000000 1.000000
0.998577 -0.050832 -0.016145 -0.000900 0.048099 0.989094 -0.139213 9.938600 0.023045 0.138238 0.990131 0.799700 0.000000 0.000000 0.000000 1.000000
0.998329 -0.048047 -0.032120 -0.000900 0.043202 0.989565 -0.137455 9.938600 0.038389 0.135838 0.989987 0.799700 0.000000 0.000000 0.000000 1.000000
0.997814 -0.044428 -0.048919 -0.000900 0.037441 0.990073 -0.135472 9.938600 0.054453 0.133345 0.989573 0.799700 0.000000 0.000000 0.000000 1.000000
0.997053 -0.039756 -0.065615 -0.000900 0.030744 0.990631 -0.133063 9.938600 0.070290 0.130653 0.988933 0.799700 0.000000 0.000000 0.000000 1.000000
0.996118 -0.034141 -0.081144 -0.000900 0.023387 0.991243 -0.129964 9.938600 0.084870 0.127562 0.988193 0.799700 0.000000 0.000000 0.000000 1.000000
0.995094 -0.028641 -0.094699 -0.000900 0.016560 0.991894 -0.125982 9.938600 0.097539 0.123795 0.987502 0.799700 0.000000 0.000000 0.000000 1.000000
0.994103 -0.024265 -0.105686 -0.000900 0.011330 0.992550 -0.121310 9.938600 0.107842 0.119398 0.986972 0.799700 0.000000 0.000000 0.000000 1.000000
0.993620 -0.020512 -0.110899 -0.000900 0.007568 0.993232 -0.115904 9.938600 0.112526 0.114325 0.987050 0.799700 0.000000 0.000000 0.000000 1.000000
0.993483 -0.020661 -0.112091 -0.000900 0.008137 0.993781 -0.111057 9.938600 0.113688 0.109422 0.987473 0.799700 0.000000 0.000000 0.000000 1.000000
0.993324 -0.019977 -0.113616 -0.000900 0.007951 0.994406 -0.105329 9.938600 0.115085 0.103723 0.987926 0.799700 0.000000 0.000000 0.000000 1.000000
0.993772 -0.018016 -0.109969 -0.000900 0.006833 0.994839 -0.101240 9.938600 0.111225 0.099858 0.988766 0.799700 0.000000 0.000000 0.000000 1.000000
0.994757 -0.014543 -0.101224 -0.000900 0.004729 0.995319 -0.096526 9.938600 0.102154 0.095542 0.990170 0.799700 0.000000 0.000000 0.000000 1.000000
0.995907 -0.015439 -0.089055 -0.000900 0.007166 0.995688 -0.092485 9.938600 0.090098 0.091468 0.991724 0.799700 0.000000 0.000000 0.000000 1.000000
0.996997 -0.020686 -0.074620 -0.000900 0.013653 0.995520 -0.093558 9.938600 0.076221 0.092259 0.992813 0.799700 0.000000 0.000000 0.000000 1.000000
0.997803 -0.024897 -0.061395 -0.000900 0.018861 0.995105 -0.097002 9.938600 0.063510 0.095631 0.993389 0.799700 0.000000 0.000000 0.000000 1.000000
0.998482 -0.023647 -0.049754 -0.000900 0.018395 0.994461 -0.103484 9.938600 0.051925 0.102412 0.993386 0.799700 0.000000 0.000000 0.000000 1.000000
0.999189 -0.015664 -0.037091 -0.000900 0.011937 0.995050 -0.098656 9.938600 0.038453 0.098133 0.994430 0.799700 0.000000 0.000000 0.000000 1.000000
0.999603 -0.003344 -0.027958 -0.000900 0.000648 0.995393 -0.095872 9.938600 0.028150 0.095816 0.995001 0.799700 0.000000 0.000000 0.000000 1.000000
0.999764 0.003940 -0.021347 -0.000900 -0.006069 0.994909 -0.100592 9.938600 0.020842 0.100698 0.994699 0.799700 0.000000 0.000000 0.000000 1.000000
0.999818 0.009141 -0.016754 -0.000900 -0.011059 0.992921 -0.118264 9.938600 0.015554 0.118428 0.992841 0.799700 0.000000 0.000000 0.000000 1.000000
0.999883 0.010673 -0.010942 -0.000900 -0.012168 0.989031 -0.147206 9.938600 0.009251 0.147322 0.989045 0.799700 0.000000 0.000000 0.000000 1.000000
0.999892 0.013902 -0.004808 -0.000900 -0.014543 0.983385 -0.180950 9.938600 0.002213 0.181000 0.983481 0.799700 0.000000 0.000000 0.000000 1.000000
0.999848 0.017246 0.002500 -0.000900 -0.016294 0.976092 -0.216747 9.938600 -0.006178 0.216673 0.976225 0.799700 0.000000 0.000000 0.000000 1.000000
0.999724 0.020701 0.011116 -0.000900 -0.017237 0.967627 -0.251796 9.938600 -0.015969 0.251535 0.967717 0.799700 0.000000 0.000000 0.000000 1.000000
0.999485 0.025100 0.019996 -0.000900 -0.018420 0.958940 -0.283011 9.938600 -0.026278 0.282497 0.958908 0.799700 0.000000 0.000000 0.000000 1.000000
0.999156 0.030430 0.027593 -0.000900 -0.020490 0.951405 -0.307261 9.938600 -0.035602 0.306436 0.951225 0.799700 0.000000 0.000000 0.000000 1.000000
0.998865 0.035261 0.032012 -0.000900 -0.023110 0.946602 -0.321574 9.938600 -0.041642 0.320469 0.946343 0.799700 0.000000 0.000000 0.000000 1.000000
0.998815 0.037312 0.031253 -0.000900 -0.025207 0.945848 -0.323629 9.938600 -0.041636 0.322457 0.945668 0.799700 0.000000 0.000000 0.000000 1.000000
0.998816 0.039696 0.028125 -0.000900 -0.028645 0.947150 -0.319511 9.938600 -0.039322 0.318327 0.947165 0.799700 0.000000 0.000000 0.000000 1.000000
0.998744 0.043152 0.025472 -0.000900 -0.033004 0.948986 -0.313587 9.938600 -0.037704 0.312352 0.949218 0.799700 0.000000 0.000000 0.000000 1.000000
0.998716 0.045253 0.022752 -0.000900 -0.036121 0.951224 -0.306379 9.938600 -0.035507 0.305164 0.951638 0.799700 0.000000 0.000000 0.000000 1.000000
0.998668 0.046803 0.021711 -0.000900 -0.038229 0.953861 -0.297804 9.938600 -0.034647 0.296578 0.954380 0.799700 0.000000 0.000000 0.000000 1.000000
0.998647 0.047655 0.020819 -0.000900 -0.039713 0.957307 -0.286333 9.938600 -0.033576 0.285119 0.957904 0.799700 0.000000 0.000000 0.000000 1.000000
0.998668 0.047421 0.020332 -0.000900 -0.040081 0.961161 -0.273061 9.938600 -0.032491 0.271882 0.961782 0.799700 0.000000 0.000000 0.000000 1.000000
0.998655 0.047947 0.019739 -0.000900 -0.041155 0.964531 -0.260740 9.938600 -0.031541 0.259577 0.965207 0.799700 0.000000 0.000000 0.000000 1.000000
0.998654 0.048311 0.018850 -0.000900 -0.042210 0.968422 -0.245719 9.938600 -0.030126 0.244592 0.969158 0.799700 0.000000 0.000000 0.000000 1.000000
0.998721 0.047194 0.018163 -0.000900 -0.041910 0.973473 -0.224929 9.938600 -0.028297 0.223880 0.974206 0.799700 0.000000 0.000000 0.000000 1.000000
0.998777 0.045940 0.018263 -0.000900 -0.041127 0.977112 -0.208713 9.938600 -0.027433 0.207707 0.977806 0.799700 0.000000 0.000000 0.000000 1.000000
0.998924 0.042150 0.019329 -0.000900 -0.037662 0.980650 -0.192115 9.938600 -0.027052 0.191180 0.981182 0.799700 0.000000 0.000000 0.000000 1.000000
0.999005 0.039702 0.020333 -0.000900 -0.035346 0.982645 -0.182096 9.938600 -0.027210 0.181196 0.983071 0.799700 0.000000 0.000000 0.000000 1.000000
0.999035 0.037711 0.022506 -0.000900 -0.033281 0.984485 -0.172284 9.938600 -0.028653 0.171368 0.984790 0.799700 0.000000 0.000000 0.000000 1.000000
0.999130 0.034995 0.022700 -0.000900 -0.030864 0.986301 -0.162045 9.938600 -0.028060 0.161203 0.986522 0.799700 0.000000 0.000000 0.000000 1.000000
0.999217 0.031538 0.023889 -0.000900 -0.027485 0.987647 -0.154269 9.938600 -0.028460 0.153491 0.987740 0.799700 0.000000 0.000000 0.000000 1.000000
0.999300 0.027966 0.024833 -0.000900 -0.024024 0.988863 -0.146875 9.938600 -0.028664 0.146176 0.988843 0.799700 0.000000 0.000000 0.000000 1.000000
0.999525 0.018130 0.024936 -0.000900 -0.014449 0.989961 -0.140599 9.938600 -0.027235 0.140172 0.989753 0.799700 0.000000 0.000000 0.000000 1.000000
0.999648 0.006255 0.025792 -0.000900 -0.002725 0.990884 -0.134691 9.938600 -0.026399 0.134573 0.990552 0.799700 0.000000 0.000000 0.000000 1.000000
0.999658 0.002166 0.026067 -0.000900 0.001215 0.991645 -0.128990 9.938600 -0.026129 0.128978 0.991303 0.799700 0.000000 0.000000 0.000000 1.000000
0.999703 -0.001087 0.024359 -0.000900 0.004146 0.992033 -0.125913 9.938600 -0.024028 0.125977 0.991742 0.799700 0.000000 0.000000 0.000000 1.000000
0.999769 -0.005343 0.020826 -0.000900 0.007920 0.992034 -0.125719 9.938600 -0.019989 0.125855 0.991847 0.799700 0.000000 0.000000 0.000000 1.000000
0.999843 -0.005220 0.016946 -0.000900 0.007264 0.992397 -0.122867 9.938600 -0.016176 0.122971 0.992278 0.799700 0.000000 0.000000 0.000000 1.000000
0.999882 -0.001838 0.015282 -0.000900 0.003641 0.992910 -0.118810 9.938600 -0.014955 0.118852 0.992799 0.799700 0.000000 0.000000 0.000000 1.000000
0.999879 0.000875 0.015524 -0.000900 0.000999 0.992736 -0.120310 9.938600 -0.015517 0.120311 0.992615 0.799700 0.000000 0.000000 0.000000 1.000000
0.999887 0.003091 0.014698 -0.000900 -0.001224 0.992107 -0.125385 9.938600 -0.014969 0.125353 0.991999 0.799700 0.000000 0.000000 0.000000 1.000000
0.999902 0.006179 0.012566 -0.000900 -0.004534 0.991897 -0.126960 9.938600 -0.013249 0.126891 0.991828 0.799700 0.000000 0.000000 0.000000 1.000000
0.999928 0.008815 0.008142 -0.000900 -0.007715 0.991938 -0.126489 9.938600 -0.009192 0.126417 0.991935 0.799700 0.000000 0.000000 0.000000 1.000000
0.999936 0.011114 0.002079 -0.000900 -0.010756 0.991676 -0.128306 9.938600 -0.003488 0.128275 0.991732 0.799700 0.000000 0.000000 0.000000 1.000000
0.999896 0.014096 -0.003062 -0.000900 -0.014375 0.991347 -0.130478 9.938600 0.001196 0.130509 0.991446 0.799700 0.000000 0.000000 0.000000 1.000000
0.999810 0.018668 -0.005604 -0.000900 -0.019250 0.990836 -0.133694 9.938600 0.003057 0.133776 0.991007 0.799700 0.000000 0.000000 0.000000 1.000000
0.999697 0.023602 -0.006938 -0.000900 -0.024329 0.990331 -0.136574 9.938600 0.003648 0.136701 0.990606 0.799700 0.000000 0.000000 0.000000 1.000000
0.999606 0.026400 -0.009517 -0.000900 -0.027477 0.989691 -0.140562 9.938600 0.005708 0.140768 0.990026 0.799700 0.000000 0.000000 0.000000 1.000000
0.999531 0.028648 -0.010794 -0.000900 -0.029903 0.989160 -0.143767 9.938600 0.006558 0.144022 0.989553 0.799700 0.000000 0.000000 0.000000 1.000000
0.999456 0.031347 -0.010242 -0.000900 -0.032510 0.988670 -0.146542 9.938600 0.005532 0.146796 0.989151 0.799700 0.000000 0.000000 0.000000 1.000000
0.999374 0.034128 -0.009317 -0.000900 -0.035140 0.988037 -0.150158 9.938600 0.004081 0.150391 0.988618 0.799700 0.000000 0.000000 0.000000 1.000000
0.999281 0.036988 -0.008380 -0.000900 -0.037835 0.987513 -0.152928 9.938600 0.002619 0.153135 0.988202 0.799700 0.000000 0.000000 0.000000 1.000000
0.999201 0.039227 -0.007604 -0.000900 -0.039932 0.987080 -0.155170 9.938600 0.001419 0.155349 0.987859 0.799700 0.000000 0.000000 0.000000 1.000000
0.999151 0.040759 -0.005925 -0.000900 -0.041183 0.986619 -0.157756 9.938600 -0.000584 0.157866 0.987460 0.799700 0.000000 0.000000 0.000000 1.000000
0.999113 0.041928 -0.004003 -0.000900 -0.042029 0.986235 -0.159921 9.938600 -0.002757 0.159948 0.987122 0.799700 0.000000 0.000000 0.000000 1.000000
0.999067 0.043147 -0.001939 -0.000900 -0.042894 0.985934 -0.161535 9.938600 -0.005058 0.161467 0.986865 0.799700 0.000000 0.000000 0.000000 1.000000
0.998991 0.044909 -0.000496 -0.000900 -0.044386 0.985562 -0.163393 9.938600 -0.006849 0.163250 0.986561 0.799700 0.000000 0.000000 0.000000 1.000000
0.998905 0.046788 0.000729 -0.000900 -0.046024 0.985184 -0.165208 9.938600 -0.008448 0.164994 0.986258 0.799700 0.000000 0.000000 0.000000 1.000000
0.998814 0.048653 0.001726 -0.000900 -0.047684 0.984826 -0.166865 9.938600 -0.009818 0.166585 0.985978 0.799700 0.000000 0.000000 0.000000 1.000000
0.998731 0.050292 0.002490 -0.000900 -0.049156 0.984517 -0.168255 9.938600 -0.010913 0.167919 0.985740 0.799700 0.000000 0.000000 0.000000 1.000000
0.998667 0.051522 0.003015 -0.000900 -0.050269 0.984286 -0.169276 9.938600 -0.011689 0.168899 0.985564 0.799700 0.000000 0.000000 0.000000 1.000000
0.998633 0.052172 0.003292 -0.000900 -0.050856 0.984161 -0.169828 9.938600 -0.012100 0.169428 0.985468 0.799700 0.000000 0.000000 0.000000 1.000000</float_array>
        <technique_common>
          <accessor source="#mixamorig_Spine-Matrix-animation-output-transform-array" count="89" stride="16">
            <param type="float4x4"/>
          </accessor>
        </technique_common>
      </source>
      <source id="mixamorig_Spine-Interpolations">
        <Name_array id="mixamorig_Spine-Interpolations-array" count="89">
 LINEAR LINEAR LINEAR LINEAR LINEAR LINEAR LINEAR LINEAR LINEAR LINEAR LINEAR
LINEAR LINEAR LINEAR LINEAR LINEAR LINEAR LINEAR LINEAR LINEAR LINEAR LINEAR LINEAR
LINEAR LINEAR LINEAR LINEAR LINEAR LINEAR LINEAR LINEAR LINEAR LINEAR LINEAR LINEAR
LINEAR LINEAR LINEAR LINEAR LINEAR LINEAR LINEAR LINEAR LINEAR LINEAR LINEAR LINEAR
LINEAR LINEAR LINEAR LINEAR LINEAR LINEAR LINEAR LINEAR LINEAR LINEAR LINEAR LINEAR
LINEAR LINEAR LINEAR LINEAR LINEAR LINEAR LINEAR LINEAR LINEAR LINEAR LINEAR LINEAR
LINEAR LINEAR LINEAR LINEAR LINEAR LINEAR LINEAR LINEAR LINEAR LINEAR LINEAR LINEAR
LINEAR LINEAR LINEAR LINEAR LINEAR LINEAR</Name_array>
        <technique_common>
          <accessor source="#mixamorig_Spine-Interpolations-array" count="89">
            <param type="name"/>
          </accessor>
        </technique_common>
      </source>
      <sampler id="mixamorig_Spine-Matrix-animation-transform">
        <input semantic="INPUT" source="#mixamorig_Spine-Matrix-animation-input"/>
        <input semantic="OUTPUT" source="#mixamorig_Spine-Matrix-animation-output-transform"/>
        <input semantic="INTERPOLATION" source="#mixamorig_Spine-Interpolations"/>
      </sampler>
      <channel source="#mixamorig_Spine-Matrix-animation-transform" target="mixamorig_Spine/matrix"/>
    </animation>
    <animation id="mixamorig_Spine1-anim" name="mixamorig_Spine1">
      <source id="mixamorig_Spine1-Matrix-animation-input">
        <float_array id="mixamorig_Spine1-Matrix-animation-input-array" count="89">

0.000000 0.033333 0.066667 0.100000 0.133333 0.166667 0.200000 0.233333 0.266667 0.300000 0.333333 0.366667 0.400000 0.433333 0.466667 0.500000
0.533333 0.566667 0.600000 0.633333 0.666667 0.700000 0.733333 0.766667 0.800000 0.833333 0.866667 0.900000 0.933333 0.966667 1.000000 1.033333
1.066667 1.100000 1.133333 1.166667 1.200000 1.233333 1.266667 1.300000 1.333333 1.366667 1.400000 1.433333 1.466667 1.500000 1.533333 1.566667
1.600000 1.633333 1.666667 1.700000 1.733333 1.766667 1.800000 1.833333 1.866667 1.900000 1.933333 1.966667 2.000000 2.033333 2.066667 2.100000
2.133333 2.166667 2.200000 2.233333 2.266667 2.300000 2.333333 2.366667 2.400000 2.433333 2.466667 2.500000 2.533333 2.566667 2.600000 2.633333
2.666667 2.700000 2.733333 2.766667 2.800000 2.833333 2.866667 2.900000 2.933333</float_array>
        <technique_common>
          <accessor source="#mixamorig_Spine1-Matrix-animation-input-array" count="89">
            <param name="TIME" type="float"/>
          </accessor>
        </technique_common>
      </source>
      <source id="mixamorig_Spine1-Matrix-animation-output-transform">
        <float_array id="mixamorig_Spine1-Matrix-animation-output-transform-array" count="1424">

0.995240 0.097123 0.007983 0.000000 -0.095932 0.990841 -0.095030 11.597900 -0.017139 0.093812 0.995442 0.000000 0.000000 0.000000 0.000000 1.000000
0.996077 0.086236 0.019825 -0.000000 -0.083956 0.991828 -0.096063 11.597900 -0.027948 0.094022 0.995178 0.000000 0.000000 0.000000 0.000000 1.000000
0.997031 0.062001 0.045659 0.000000 -0.057389 0.993707 -0.096191 11.597900 -0.051336 0.093286 0.994315 0.000000 0.000000 0.000000 0.000000 1.000000
0.996786 0.037384 0.070857 0.000000 -0.030786 0.995280 -0.092028 11.597900 -0.073963 0.089551 0.993232 -0.000000 0.000000 0.000000 0.000000 1.000000
0.995732 0.018184 0.090478 0.000000 -0.010972 0.996768 -0.079579 11.597900 -0.091632 0.078246 0.992714 0.000000 0.000000 0.000000 0.000000 1.000000
0.994261 0.005878 0.106822 0.000000 0.001523 0.997611 -0.069070 11.597900 -0.106973 0.068836 0.991876 -0.000000 0.000000 0.000000 0.000000 1.000000
0.992733 -0.006524 0.120162 0.000000 0.013775 0.998126 -0.059618 11.597900 -0.119548 0.060840 0.990963 -0.000000 0.000000 0.000000 0.000000 1.000000
0.991138 -0.013685 0.132133 -0.000000 0.020640 0.998464 -0.051414 11.597900 -0.131226 0.053685 0.989898 0.000000 0.000000 0.000000 0.000000 1.000000
0.989975 -0.020010 0.139815 -0.000000 0.026817 0.998536 -0.046976 11.597900 -0.138670 0.050255 0.989063 0.000000 0.000000 0.000000 0.000000 1.000000
0.989761 -0.033367 0.138781 0.000000 0.041013 0.997773 -0.052598 11.597900 -0.136717 0.057751 0.988925 -0.000000 0.000000 0.000000 0.000000 1.000000
0.991142 -0.050880 0.122677 0.000000 0.057885 0.996850 -0.054223 11.597900 -0.119532 0.060843 0.990964 0.000000 0.000000 0.000000 0.000000 1.000000
0.993599 -0.061440 0.094799 0.000000 0.066803 0.996278 -0.054478 11.597900 -0.091099 0.060462 0.994005 0.000000 0.000000 0.000000 0.000000 1.000000
0.995543 -0.068649 0.064658 -0.000000 0.071890 0.996198 -0.049209 11.597900 -0.061034 0.053638 0.996693 -0.000000 0.000000 0.000000 0.000000 1.000000
0.996421 -0.075081 0.038846 0.000000 0.076746 0.996110 -0.043291 11.597900 -0.035444 0.046117 0.998307 -0.000000 0.000000 0.000000 0.000000 1.000000
0.996609 -0.081082 0.014028 0.000000 0.081567 0.995929 -0.038357 11.597900 -0.010861 0.039371 0.999166 0.000000 0.000000 0.000000 0.000000 1.000000
0.996430 -0.083719 -0.010916 0.000000 0.083320 0.995978 -0.032936 11.597900 0.013629 0.031909 0.999398 -0.000000 0.000000 0.000000 0.000000 1.000000
0.995845 -0.081633 -0.040358 0.000000 0.080459 0.996309 -0.029903 11.597900 0.042650 0.026532 0.998738 0.000000 0.000000 0.000000 0.000000 1.000000
0.994288 -0.077993 -0.072854 -0.000000 0.076235 0.996735 -0.026609 11.597900 0.074691 0.020903 0.996988 0.000000 0.000000 0.000000 0.000000 1.000000
0.991633 -0.073117 -0.106387 -0.000000 0.071099 0.997212 -0.022645 11.597900 0.107746 0.014891 0.994067 0.000000 0.000000 0.000000 0.000000 1.000000
0.988024 -0.067028 -0.138978 0.000000 0.065233 0.997718 -0.017440 11.597900 0.139830 0.008166 0.990142 -0.000000 0.000000 0.000000 0.000000 1.000000
0.983860 -0.059768 -0.168660 0.000000 0.058862 0.998212 -0.010371 11.597900 0.168979 0.000275 0.985620 0.000000 0.000000 0.000000 0.000000 1.000000
0.979744 -0.051778 -0.193446 -0.000000 0.052472 0.998621 -0.001539 11.597900 0.193259 -0.008643 0.981110 0.000000 0.000000 0.000000 0.000000 1.000000
0.977466 -0.042714 -0.206725 0.000000 0.045646 0.998913 0.009432 11.597900 0.206097 -0.018656 0.978354 0.000000 0.000000 0.000000 0.000000 1.000000
0.976277 -0.040111 -0.212777 -0.000000 0.045249 0.998789 0.019333 11.597900 0.211744 -0.028502 0.976909 -0.000000 0.000000 0.000000 0.000000 1.000000
0.974991 -0.035936 -0.219318 -0.000000 0.043784 0.998559 0.031025 11.597900 0.217888 -0.039852 0.975160 0.000000 0.000000 0.000000 0.000000 1.000000
0.976014 -0.032238 -0.215310 -0.000000 0.041681 0.998351 0.039462 11.597900 0.213683 -0.047490 0.975748 0.000000 0.000000 0.000000 0.000000 1.000000
0.979306 -0.027375 -0.200527 0.000000 0.038002 0.998059 0.049341 11.597900 0.198787 -0.055940 0.978445 0.000000 0.000000 0.000000 0.000000 1.000000
0.983370 -0.032134 -0.178747 0.000000 0.043057 0.997413 0.057567 11.597900 0.176435 -0.064306 0.982209 0.000000 0.000000 0.000000 0.000000 1.000000
0.987318 -0.045804 -0.152001 0.000000 0.054797 0.996954 0.055507 11.597900 0.148995 -0.063132 0.986821 0.000000 0.000000 0.000000 0.000000 1.000000
0.990467 -0.054845 -0.126361 0.000000 0.061471 0.996898 0.049143 11.597900 0.123273 -0.056442 0.990766 0.000000 0.000000 0.000000 0.000000 1.000000
0.993052 -0.056852 -0.103035 0.000000 0.060904 0.997472 0.036621 11.597900 0.100693 -0.042642 0.994003 -0.000000 0.000000 0.000000 0.000000 1.000000
0.995625 -0.052711 -0.077157 0.000000 0.056420 0.997314 0.046709 11.597900 0.074488 -0.050858 0.995924 0.000000 0.000000 0.000000 0.000000 1.000000
0.997694 -0.035114 -0.058092 0.000000 0.038204 0.997865 0.052970 11.597900 0.056108 -0.055067 0.996905 0.000000 0.000000 0.000000 0.000000 1.000000
0.998685 -0.023544 -0.045538 0.000000 0.025549 0.998707 0.043955 11.597900 0.044444 -0.045061 0.997995 0.000000 0.000000 0.000000 0.000000 1.000000
0.999105 -0.014457 -0.039758 0.000000 0.014814 0.999852 0.008694 11.597900 0.039627 -0.009275 0.999172 0.000000 0.000000 0.000000 0.000000 1.000000
