<?xml version="1.0" encoding="utf-8"?>
<COLLADA xmlns="http://www.collada.org/2005/11/COLLADASchema" version="1.4.1">
  <asset>
    <contributor>
      <author>Mixamo</author>
      <authoring_tool>COLLADA Mixamo exporter</authoring_tool>
      <comments/>
    </contributor>
    <created>2022-11-22T23:16:16Z</created>
    <modified>2022-11-22T23:16:16Z</modified>
    <revision/>
    <title/>
    <unit meter="0.010000"/>
    <up_axis>Y_UP</up_axis>
  </asset>
  <library_animations>
    <animation id="mixamorig_Hips-anim" name="mixamorig_Hips">
      <source id="mixamorig_Hips-Matrix-animation-input">
        <float_array id="mixamorig_Hips-Matrix-animation-input-array" count="55">

0.000000 0.033333 0.066667 0.100000 0.133333 0.166667 0.200000 0.233333 0.266667 0.300000 0.333333 0.366667 0.400000 0.433333 0.466667 0.500000
0.533333 0.566667 0.600000 0.633333 0.666667 0.700000 0.733333 0.766667 0.800000 0.833333 0.866667 0.900000 0.933333 0.966667 1.000000 1.033333
1.066667 1.100000 1.133333 1.166667 1.200000 1.233333 1.266667 1.300000 1.333333 1.366667 1.400000 1.433333 1.466667 1.500000 1.533333 1.566667
1.600000 1.633333 1.666667 1.700000 1.733333 1.766667 1.800000</float_array>
        <technique_common>
          <accessor source="#mixamorig_Hips-Matrix-animation-input-array" count="55">
            <param name="TIME" type="float"/>
          </accessor>
        </technique_common>
      </source>
      <source id="mixamorig_Hips-Matrix-animation-output-transform">
        <float_array id="mixamorig_Hips-Matrix-animation-output-transform-array" count="880">

0.568994 0.029907 -0.821798 4.956605 0.035524 0.997512 0.060898 93.107323 0.821574 -0.063844 0.566516 4.283489 0.000000 0.000000 0.000000 1.000000
0.605820 0.021420 -0.795313 5.174621 0.039599 0.997587 0.057032 92.719833 0.794616 -0.066045 0.603510 4.372950 0.000000 0.000000 0.000000 1.000000
0.639119 0.019899 -0.768850 5.257297 0.046171 0.996870 0.064181 92.181877 0.767721 -0.076518 0.636200 4.599432 0.000000 0.000000 0.000000 1.000000
0.655022 0.030193 -0.755007 5.005733 0.053574 0.994831 0.086262 91.549011 0.753708 -0.096953 0.650018 4.922211 0.000000 0.000000 0.000000 1.000000
0.644811 0.053445 -0.762471 4.188845 0.059916 0.990948 0.120130 90.959892 0.761990 -0.123145 0.635773 5.276779 0.000000 0.000000 0.000000 1.000000
0.606638 0.087537 -0.790144 2.678991 0.060521 0.985950 0.155694 90.641380 0.792671 -0.142270 0.592817 5.625885 0.000000 0.000000 0.000000 1.000000
0.539024 0.128824 -0.832380 0.507210 0.047391 0.982031 0.182673 90.767555 0.840956 -0.137913 0.523234 5.906290 0.000000 0.000000 0.000000 1.000000
0.434911 0.171471 -0.883997 -2.142473 0.020170 0.979601 0.199939 91.256119 0.900247 -0.104786 0.422581 5.947949 0.000000 0.000000 0.000000 1.000000
0.289336 0.206902 -0.934599 -4.946249 -0.008551 0.976880 0.213615 91.795807 0.957189 -0.053815 0.284416 5.507263 0.000000 0.000000 0.000000 1.000000
0.119172 0.230436 -0.965762 -7.463381 -0.029506 0.973087 0.228543 92.101357 0.992435 0.001260 0.122764 4.433081 0.000000 0.000000 0.000000 1.000000
-0.032158 0.245735 -0.968803 -9.339325 -0.050243 0.967682 0.247118 92.322815 0.998219 0.056622 -0.018772 2.724673 0.000000 0.000000 0.000000 1.000000
-0.124281 0.254111 -0.959157 -10.228889 -0.095407 0.959112 0.266461 92.459213 0.987650 0.124626 -0.094956 0.809704 0.000000 0.000000 0.000000 1.000000
-0.153830 0.252208 -0.955368 -10.207745 -0.161876 0.947380 0.276164 92.574501 0.974748 0.197133 -0.104909 -1.026091 0.000000 0.000000 0.000000 1.000000
-0.148266 0.242048 -0.958869 -9.603843 -0.225833 0.935680 0.271114 92.568024 0.962817 0.256742 -0.084067 -2.765545 0.000000 0.000000 0.000000 1.000000
-0.135919 0.222780 -0.965347 -8.699296 -0.275178 0.927560 0.252805 92.479485 0.951737 0.300004 -0.064769 -4.333920 0.000000 0.000000 0.000000 1.000000
-0.126902 0.186193 -0.974283 -7.589911 -0.313414 0.924378 0.217478 92.422318 0.941099 0.332953 -0.058950 -5.634657 0.000000 0.000000 0.000000 1.000000
-0.111273 0.123528 -0.986083 -6.197942 -0.346667 0.925092 0.155006 92.444763 0.931365 0.359091 -0.060115 -6.694582 0.000000 0.000000 0.000000 1.000000
-0.072359 0.043792 -0.996417 -4.491786 -0.375677 0.924260 0.067902 92.437973 0.923922 0.379244 -0.050427 -7.656863 0.000000 0.000000 0.000000 1.000000
-0.000917 -0.025867 -0.999665 -2.555155 -0.394380 0.918649 -0.023409 92.180206 0.918947 0.394226 -0.011043 -8.492059 0.000000 0.000000 0.000000 1.000000
0.093248 -0.066490 -0.993420 -0.435126 -0.395293 0.913287 -0.098231 91.345917 0.913810 0.401852 0.058879 -8.905282 0.000000 0.000000 0.000000 1.000000
0.184606 -0.081728 -0.979409 1.733191 -0.374213 0.915627 -0.146940 90.228134 0.908782 0.393633 0.138447 -8.945012 0.000000 0.000000 0.000000 1.000000
0.262824 -0.086888 -0.960924 3.881745 -0.342288 0.922762 -0.177057 89.030167 0.902088 0.375447 0.212783 -8.752751 0.000000 0.000000 0.000000 1.000000
0.341227 -0.091654 -0.935502 5.797282 -0.306488 0.929997 -0.202907 88.014778 0.888611 0.355957 0.289249 -8.540674 0.000000 0.000000 0.000000 1.000000
0.424637 -0.104036 -0.899367 7.259034 -0.262087 0.936717 -0.232101 87.557388 0.866599 0.334271 0.370498 -8.321322 0.000000 0.000000 0.000000 1.000000
0.490987 -0.137715 -0.860213 8.225493 -0.208481 0.940160 -0.269510 87.687759 0.845853 0.311664 0.432895 -8.065537 0.000000 0.000000 0.000000 1.000000
0.522402 -0.193442 -0.830468 8.780518 -0.159998 0.934392 -0.318295 88.047920 0.837554 0.299152 0.457178 -7.849835 0.000000 0.000000 0.000000 1.000000
0.531416 -0.250552 -0.809210 9.090020 -0.124306 0.921853 -0.367062 88.394241 0.837941 0.295652 0.458743 -7.667689 0.000000 0.000000 0.000000 1.000000
0.540269 -0.286237 -0.791314 9.283243 -0.098786 0.912293 -0.397444 88.751472 0.835674 0.292898 0.464607 -7.378634 0.000000 0.000000 0.000000 1.000000
0.552192 -0.291253 -0.781189 9.329299 -0.083821 0.912853 -0.399592 89.104256 0.829493 0.286132 0.479657 -6.991922 0.000000 0.000000 0.000000 1.000000
0.557865 -0.270541 -0.784598 9.132549 -0.082139 0.922737 -0.376576 89.311615 0.825857 0.274525 0.492540 -6.632568 0.000000 0.000000 0.000000 1.000000
0.555107 -0.233388 -0.798364 8.697861 -0.090161 0.937289 -0.336690 89.347977 0.826878 0.258880 0.499254 -6.290409 0.000000 0.000000 0.000000 1.000000
0.552295 -0.187543 -0.812280 8.132080 -0.099488 0.952575 -0.287580 89.338425 0.827691 0.239641 0.507444 -5.858393 0.000000 0.000000 0.000000 1.000000
0.558523 -0.143247 -0.817026 7.566754 -0.101770 0.965700 -0.238884 89.445007 0.823222 0.216571 0.524788 -5.288932 0.000000 0.000000 0.000000 1.000000
0.573027 -0.113397 -0.811653 7.088268 -0.091926 0.975237 -0.201151 89.744812 0.814365 0.189877 0.548413 -4.617198 0.000000 0.000000 0.000000 1.000000
0.585588 -0.096374 -0.804859 6.629617 -0.066219 0.983901 -0.165992 90.311478 0.807899 0.150500 0.569779 -3.500044 0.000000 0.000000 0.000000 1.000000
0.591552 -0.088772 -0.801365 6.262702 -0.037550 0.989808 -0.137366 90.874435 0.805392 0.111350 0.582190 -2.380166 0.000000 0.000000 0.000000 1.000000
0.594465 -0.080174 -0.800115 5.937802 -0.010261 0.994180 -0.107243 91.358742 0.804056 0.071962 0.590182 -1.266119 0.000000 0.000000 0.000000 1.000000
0.598405 -0.070231 -0.798110 5.625825 0.015055 0.996960 -0.076442 91.749908 0.801052 0.033727 0.597643 -0.214606 0.000000 0.000000 0.000000 1.000000
0.602559 -0.061002 -0.795740 5.312050 0.037071 0.998138 -0.048447 92.076012 0.797213 -0.000307 0.603698 0.725010 0.000000 0.000000 0.000000 1.000000
0.604652 -0.048821 -0.794992 4.999409 0.051162 0.998439 -0.022402 92.376892 0.794845 -0.027128 0.606205 1.554317 0.000000 0.000000 0.000000 1.000000
0.604929 -0.029866 -0.795719 4.707231 0.054508 0.998505 0.003961 92.653427 0.794411 -0.045769 0.605653 2.272709 0.000000 0.000000 0.000000 1.000000
0.604965 -0.008355 -0.796208 4.458827 0.050931 0.998303 0.028223 92.870865 0.794621 -0.057626 0.604364 2.862793 0.000000 0.000000 0.000000 1.000000
0.605015 0.007477 -0.796179 4.272655 0.046599 0.997909 0.044782 93.018082 0.794849 -0.064194 0.603402 3.330000 0.000000 0.000000 0.000000 1.000000
0.604008 0.015090 -0.796835 4.163934 0.043939 0.997670 0.052200 93.113472 0.795766 -0.066542 0.601937 3.697145 0.000000 0.000000 0.000000 1.000000
0.601329 0.018684 -0.798783 4.142895 0.041860 0.997617 0.054847 93.173607 0.797904 -0.066419 0.599114 3.972906 0.000000 0.000000 0.000000 1.000000
0.597540 0.022122 -0.801534 4.201997 0.039399 0.997602 0.056905 93.203491 0.800871 -0.065582 0.595235 4.158096 0.000000 0.000000 0.000000 1.000000
0.593732 0.025438 -0.804261 4.312607 0.037079 0.997574 0.058925 93.208862 0.803808 -0.064807 0.591348 4.273124 0.000000 0.000000 0.000000 1.000000
0.590746 0.027522 -0.806388 4.440906 0.035504 0.997563 0.060056 93.203903 0.806076 -0.064108 0.588329 4.350815 0.000000 0.000000 0.000000 1.000000
0.588721 0.028616 -0.807830 4.563597 0.034547 0.997569 0.060514 93.198914 0.807598 -0.063534 0.586301 4.407069 0.000000 0.000000 0.000000 1.000000
0.587109 0.029644 -0.808965 4.671179 0.033985 0.997546 0.061219 93.193115 0.808794 -0.063435 0.584660 4.439476 0.000000 0.000000 0.000000 1.000000
0.585272 0.030684 -0.810256 4.763157 0.033816 0.997491 0.062201 93.182625 0.810131 -0.063804 0.582766 4.447432 0.000000 0.000000 0.000000 1.000000
0.583180 0.031021 -0.811750 4.841164 0.034028 0.997461 0.062565 93.165413 0.811630 -0.064109 0.580644 4.436754 0.000000 0.000000 0.000000 1.000000
0.581193 0.030394 -0.813198 4.906723 0.034468 0.997486 0.061916 93.138214 0.813036 -0.064014 0.578684 4.411228 0.000000 0.000000 0.000000 1.000000
0.579595 0.029252 -0.814379 4.960548 0.035024 0.997538 0.060757 93.098938 0.814152 -0.063737 0.577144 4.372077 0.000000 0.000000 0.000000 1.000000
0.578540 0.027984 -0.815173 5.002529 0.035786 0.997578 0.059643 93.049194 0.814868 -0.063678 0.576138 4.322160 0.000000 0.000000 0.000000 1.000000</float_array>
        <technique_common>
          <accessor source="#mixamorig_Hips-Matrix-animation-output-transform-array" count="55" stride="16">
            <param type="float4x4"/>
          </accessor>
        </technique_common>
      </source>
      <source id="mixamorig_Hips-Interpolations">
        <Name_array id="mixamorig_Hips-Interpolations-array" count="55">
 LINEAR LINEAR LINEAR LINEAR LINEAR LINEAR LINEAR LINEAR LINEAR LINEAR LINEAR
LINEAR LINEAR LINEAR LINEAR LINEAR LINEAR LINEAR LINEAR LINEAR LINEAR LINEAR LINEAR
LINEAR LINEAR LINEAR LINEAR LINEAR LINEAR LINEAR LINEAR LINEAR LINEAR LINEAR LINEAR
LINEAR LINEAR LINEAR LINEAR LINEAR LINEAR LINEAR LINEAR LINEAR LINEAR LINEAR LINEAR
LINEAR LINEAR LINEAR LINEAR LINEAR LINEAR LINEAR LINEAR</Name_array>
        <technique_common>
          <accessor source="#mixamorig_Hips-Interpolations-array" count="55">
            <param type="name"/>
          </accessor>
        </technique_common>
      </source>
      <sampler id="mixamorig_Hips-Matrix-animation-transform">
        <input semantic="INPUT" source="#mixamorig_Hips-Matrix-animation-input"/>
        <input semantic="OUTPUT" source="#mixamorig_Hips-Matrix-animation-output-transform"/>
        <input semantic="INTERPOLATION" source="#mixamorig_Hips-Interpolations"/>
      </sampler>
      <channel source="#mixamorig_Hips-Matrix-animation-transform" target="mixamorig_Hips/matrix"/>
    </animation>
    <animation id="mixamorig_Spine-anim" name="mixamorig_Spine">
      <source id="mixamorig_Spine-Matrix-animation-input">
        <float_array id="mixamorig_Spine-Matrix-animation-input-array" count="55">

0.000000 0.033333 0.066667 0.100000 0.133333 0.166667 0.200000 0.233333 0.266667 0.300000 0.333333 0.366667 0.400000 0.433333 0.466667 0.500000
0.533333 0.566667 0.600000 0.633333 0.666667 0.700000 0.733333 0.766667 0.800000 0.833333 0.866667 0.900000 0.933333 0.966667 1.000000 1.033333
1.066667 1.100000 1.133333 1.166667 1.200000 1.233333 1.266667 1.300000 1.333333 1.366667 1.400000 1.433333 1.466667 1.500000 1.533333 1.566667
1.600000 1.633333 1.666667 1.700000 1.733333 1.766667 1.800000</float_array>
        <technique_common>
          <accessor source="#mixamorig_Spine-Matrix-animation-input-array" count="55">
            <param name="TIME" type="float"/>
          </accessor>
        </technique_common>
      </source>
      <source id="mixamorig_Spine-Matrix-animation-output-transform">
        <float_array id="mixamorig_Spine-Matrix-animation-output-transform-array" count="880">

0.999777 0.018876 0.009423 0.000000 -0.019317 0.998602 0.049201 9.527200 -0.008481 -0.049372 0.998744 -1.123700 0.000000 0.000000 0.000000 1.000000
0.999842 0.015504 0.008675 0.000000 -0.015895 0.998769 0.046993 9.527200 -0.007936 -0.047124 0.998858 -1.123700 0.000000 0.000000 0.000000 1.000000
0.999858 0.013268 0.010421 0.000000 -0.013698 0.999006 0.042429 9.527200 -0.009848 -0.042566 0.999045 -1.123700 0.000000 0.000000 0.000000 1.000000
0.999771 0.014529 0.015705 0.000000 -0.015101 0.999203 0.036943 9.527200 -0.015156 -0.037172 0.999194 -1.123700 0.000000 0.000000 0.000000 1.000000
0.999557 0.020314 0.021759 0.000000 -0.021091 0.999125 0.036115 9.527200 -0.021006 -0.036558 0.999111 -1.123700 0.000000 0.000000 0.000000 1.000000
0.999233 0.030133 0.024993 0.000000 -0.031242 0.998486 0.045271 9.527200 -0.023591 -0.046017 0.998662 -1.123700 0.000000 0.000000 0.000000 1.000000
0.998752 0.042771 0.025798 -0.000000 -0.044332 0.997009 0.063305 9.527200 -0.023013 -0.064370 0.997661 -1.123700 0.000000 0.000000 0.000000 1.000000
0.998004 0.057590 0.025921 0.000000 -0.059609 0.994561 0.085410 9.527200 -0.020862 -0.086785 0.996009 -1.123700 0.000000 0.000000 0.000000 1.000000
0.997043 0.072780 0.024653 -0.000000 -0.075046 0.991224 0.108829 9.527200 -0.016516 -0.110358 0.993755 -1.123700 0.000000 0.000000 0.000000 1.000000
0.996196 0.083961 0.023343 -0.000000 -0.086308 0.987613 0.131041 9.527200 -0.012051 -0.132557 0.991102 -1.123700 0.000000 0.000000 0.000000 1.000000
0.995712 0.089259 0.024277 0.000000 -0.091857 0.985051 0.145726 9.527200 -0.010907 -0.147331 0.989027 -1.123700 0.000000 0.000000 0.000000 1.000000
0.996236 0.084613 0.018830 -0.000000 -0.086486 0.984869 0.150179 9.527200 -0.005837 -0.151243 0.988479 -1.123700 0.000000 0.000000 0.000000 1.000000
0.996953 0.077754 0.006322 0.000000 -0.077836 0.986018 0.147346 9.527200 0.005223 -0.147389 0.989065 -1.123700 0.000000 0.000000 0.000000 1.000000
0.997042 0.076642 -0.005762 0.000000 -0.075045 0.986966 0.142357 9.527200 0.016598 -0.141504 0.989799 -1.123700 0.000000 0.000000 0.000000 1.000000
0.996828 0.078137 -0.015147 0.000000 -0.075323 0.987610 0.137672 9.527200 0.025717 -0.136095 0.990362 -1.123700 0.000000 0.000000 0.000000 1.000000
0.996607 0.079372 -0.021794 0.000000 -0.075730 0.987948 0.134996 9.527200 0.032247 -0.132888 0.990606 -1.123700 0.000000 0.000000 0.000000 1.000000
0.996279 0.081847 -0.027019 0.000000 -0.077512 0.987888 0.134422 9.527200 0.037694 -0.131827 0.990556 -1.123700 0.000000 0.000000 0.000000 1.000000
0.995616 0.087781 -0.032302 0.000000 -0.082779 0.987700 0.132649 9.527200 0.043549 -0.129394 0.990637 -1.123700 0.000000 0.000000 0.000000 1.000000
0.994672 0.095671 -0.038406 0.000000 -0.090315 0.988307 0.122851 9.527200 0.049711 -0.118728 0.991682 -1.123700 0.000000 0.000000 0.000000 1.000000
0.994220 0.098369 -0.043006 -0.000000 -0.093698 0.990598 0.099680 9.527200 0.052407 -0.095074 0.994090 -1.123700 0.000000 0.000000 0.000000 1.000000
0.994441 0.097031 -0.040879 0.000000 -0.094275 0.993443 0.064677 9.527200 0.046887 -0.060464 0.997069 -1.123700 0.000000 0.000000 0.000000 1.000000
0.995100 0.092393 -0.035215 -0.000000 -0.091526 0.995476 0.025487 9.527200 0.037410 -0.022139 0.999055 -1.123700 0.000000 0.000000 0.000000 1.000000
0.995918 0.083985 -0.033076 0.000000 -0.084355 0.996386 -0.009950 9.527200 0.032121 0.012700 0.999403 -1.123700 0.000000 0.000000 0.000000 1.000000
0.996944 0.069863 -0.034954 0.000000 -0.071160 0.996765 -0.037358 9.527200 0.032231 0.039731 0.998690 -1.123700 0.000000 0.000000 0.000000 1.000000
0.997826 0.055822 -0.035022 0.000000 -0.057621 0.996948 -0.052674 9.527200 0.031975 0.054577 0.997997 -1.123700 0.000000 0.000000 0.000000 1.000000
0.998440 0.047592 -0.029202 0.000000 -0.049154 0.997258 -0.055326 9.527200 0.026489 0.056675 0.998041 -1.123700 0.000000 0.000000 0.000000 1.000000
0.998847 0.043569 -0.020160 0.000000 -0.044572 0.997636 -0.052312 9.527200 0.017833 0.053150 0.998427 -1.123700 0.000000 0.000000 0.000000 1.000000
0.999227 0.037114 -0.012980 0.000000 -0.037746 0.997911 -0.052438 9.527200 0.011006 0.052887 0.998540 -1.123700 0.000000 0.000000 0.000000 1.000000
0.999551 0.028818 -0.008170 0.000000 -0.029244 0.997891 -0.057949 9.527200 0.006483 0.058162 0.998286 -1.123700 0.000000 0.000000 0.000000 1.000000
0.999678 0.025054 -0.004025 -0.000000 -0.025263 0.997568 -0.064957 9.527200 0.002388 0.065038 0.997880 -1.123700 0.000000 0.000000 0.000000 1.000000
0.999593 0.028467 -0.001791 0.000000 -0.028523 0.997320 -0.067372 9.527200 -0.000132 0.067396 0.997726 -1.123700 0.000000 0.000000 0.000000 1.000000
0.999384 0.034945 -0.003104 0.000000 -0.035072 0.997339 -0.063920 9.527200 0.000862 0.063989 0.997950 -1.123700 0.000000 0.000000 0.000000 1.000000
0.999219 0.038990 -0.006452 -0.000000 -0.039300 0.997534 -0.058150 9.527200 0.004169 0.058358 0.998287 -1.123700 0.000000 0.000000 0.000000 1.000000
0.999206 0.038987 -0.008185 -0.000000 -0.039364 0.997851 -0.052375 9.527200 0.006126 0.052656 0.998594 -1.123700 0.000000 0.000000 0.000000 1.000000
0.999330 0.036285 -0.004859 -0.000000 -0.036457 0.998467 -0.041638 9.527200 0.003340 0.041787 0.999121 -1.123700 0.000000 0.000000 0.000000 1.000000
0.999432 0.033620 0.002131 -0.000000 -0.033538 0.998958 -0.030946 9.527200 -0.003169 0.030857 0.999519 -1.123700 0.000000 0.000000 0.000000 1.000000
0.999501 0.030093 0.009604 -0.000000 -0.029885 0.999331 -0.021099 9.527200 -0.010233 0.020801 0.999731 -1.123700 0.000000 0.000000 0.000000 1.000000
0.999565 0.025469 0.014902 0.000000 -0.025291 0.999608 -0.011966 9.527200 -0.015201 0.011584 0.999817 -1.123700 0.000000 0.000000 0.000000 1.000000
0.999623 0.021147 0.017540 0.000000 -0.021094 0.999772 -0.003219 9.527200 -0.017604 0.002848 0.999841 -1.123700 0.000000 0.000000 0.000000 1.000000
0.999674 0.017543 0.018560 0.000000 -0.017633 0.999834 0.004658 9.527200 -0.018475 -0.004984 0.999817 -1.123700 0.000000 0.000000 0.000000 1.000000
0.999720 0.014411 0.018756 -0.000000 -0.014625 0.999829 0.011328 9.527200 -0.018590 -0.011600 0.999760 -1.123700 0.000000 0.000000 0.000000 1.000000
0.999763 0.012048 0.018124 -0.000000 -0.012362 0.999774 0.017275 9.527200 -0.017912 -0.017495 0.999686 -1.123700 0.000000 0.000000 0.000000 1.000000
0.999803 0.010565 0.016776 0.000000 -0.010950 0.999675 0.023032 9.527200 -0.016528 -0.023211 0.999594 -1.123700 0.000000 0.000000 0.000000 1.000000
0.999834 0.009848 0.015318 0.000000 -0.010280 0.999545 0.028349 9.527200 -0.015032 -0.028501 0.999481 -1.123700 0.000000 0.000000 0.000000 1.000000
0.999848 0.010131 0.014195 0.000000 -0.010589 0.999416 0.032501 9.527200 -0.013858 -0.032646 0.999371 -1.123700 0.000000 0.000000 0.000000 1.000000
0.999845 0.011400 0.013387 0.000000 -0.011866 0.999305 0.035335 9.527200 -0.012975 -0.035488 0.999286 -1.123700 0.000000 0.000000 0.000000 1.000000
0.999835 0.013001 0.012683 0.000000 -0.013467 0.999211 0.037355 9.527200 -0.012187 -0.037520 0.999222 -1.123700 0.000000 0.000000 0.000000 1.000000
0.999825 0.014444 0.011905 0.000000 -0.014899 0.999127 0.039042 9.527200 -0.011330 -0.039212 0.999167 -1.123700 0.000000 0.000000 0.000000 1.000000
0.999816 0.015657 0.011045 0.000000 -0.016092 0.999048 0.040542 9.527200 -0.010399 -0.040712 0.999117 -1.123700 0.000000 0.000000 0.000000 1.000000
0.999810 0.016571 0.010312 0.000000 -0.016989 0.998979 0.041853 9.527200 -0.009607 -0.042020 0.999071 -1.123700 0.000000 0.000000 0.000000 1.000000
0.999804 0.017145 0.009883 0.000000 -0.017556 0.998917 0.043081 9.527200 -0.009134 -0.043246 0.999023 -1.123700 0.000000 0.000000 0.000000 1.000000
0.999800 0.017483 0.009691 0.000000 -0.017896 0.998854 0.044382 9.527200 -0.008904 -0.044546 0.998968 -1.123700 0.000000 0.000000 0.000000 1.000000
0.999798 0.017698 0.009555 -0.000000 -0.018118 0.998788 0.045759 9.527200 -0.008734 -0.045923 0.998907 -1.123700 0.000000 0.000000 0.000000 1.000000
0.999796 0.017856 0.009396 0.000000 -0.018279 0.998724 0.047086 9.527200 -0.008543 -0.047248 0.998847 -1.123700 0.000000 0.000000 0.000000 1.000000
0.999796 0.017979 0.009219 0.000000 -0.018404 0.998665 0.048270 9.527200 -0.008339 -0.048430 0.998792 -1.123700 0.000000 0.000000 0.000000 1.000000</float_array>
        <technique_common>
          <accessor source="#mixamorig_Spine-Matrix-animation-output-transform-array" count="55" stride="16">
            <param type="float4x4"/>
          </accessor>
        </technique_common>
      </source>
      <source id="mixamorig_Spine-Interpolations">
        <Name_array id="mixamorig_Spine-Interpolations-array" count="55">
 LINEAR LINEAR LINEAR LINEAR LINEAR LINEAR LINEAR LINEAR LINEAR LINEAR LINEAR
LINEAR LINEAR LINEAR LINEAR LINEAR LINEAR LINEAR LINEAR LINEAR LINEAR LINEAR LINEAR
LINEAR LINEAR LINEAR LINEAR LINEAR LINEAR LINEAR LINEAR LINEAR LINEAR LINEAR LINEAR
LINEAR LINEAR LINEAR LINEAR LINEAR LINEAR LINEAR LINEAR LINEAR LINEAR LINEAR LINEAR
LINEAR LINEAR LINEAR LINEAR LINEAR LINEAR LINEAR LINEAR</Name_array>
        <technique_common>
          <accessor source="#mixamorig_Spine-Interpolations-array" count="55">
            <param type="name"/>
          </accessor>
        </technique_common>
      </source>
      <sampler id="mixamorig_Spine-Matrix-animation-transform">
        <input semantic="INPUT" source="#mixamorig_Spine-Matrix-animation-input"/>
        <input semantic="OUTPUT" source="#mixamorig_Spine-Matrix-animation-output-transform"/>
        <input semantic="INTERPOLATION" source="#mixamorig_Spine-Interpolations"/>
      </sampler>
      <channel source="#mixamorig_Spine-Matrix-animation-transform" target="mixamorig_Spine/matrix"/>
    </animation>
    <animation id="mixamorig_Spine1-anim" name="mixamorig_Spine1">
      <source id="mixamorig_Spine1-Matrix-animation-input">
        <float_array id="mixamorig_Spine1-Matrix-animation-input-array" count="55">

0.000000 0.033333 0.066667 0.100000 0.133333 0.166667 0.200000 0.233333 0.266667 0.300000 0.333333 0.366667 0.400000 0.433333 0.466667 0.500000
0.533333 0.566667 0.600000 0.633333 0.666667 0.700000 0.733333 0.766667 0.800000 0.833333 0.866667 0.900000 0.933333 0.966667 1.000000 1.033333
1.066667 1.100000 1.133333 1.166667 1.200000 1.233333 1.266667 1.300000 1.333333 1.366667 1.400000 1.433333 1.466667 1.500000 1.533333 1.566667
1.600000 1.633333 1.666667 1.700000 1.733333 1.766667 1.800000</float_array>
        <technique_common>
          <accessor source="#mixamorig_Spine1-Matrix-animation-input-array" count="55">
            <param name="TIME" type="float"/>
          </accessor>
        </technique_common>
      </source>
      <source id="mixamorig_Spine1-Matrix-animation-output-transform">
        <float_array id="mixamorig_Spine1-Matrix-animation-output-transform-array" count="880">

0.999882 0.006871 0.013755 0.000000 -0.004951 0.990826 -0.135055 11.192100 -0.014557 0.134971 0.990743 0.000000 0.000000 0.000000 0.000000 1.000000
0.999901 0.004598 0.013270 0.000000 -0.002705 0.990249 -0.139284 11.192100 -0.013781 0.139235 0.990164 0.000000 0.000000 0.000000 0.000000 1.000000
0.999849 0.002858 0.017159 0.000000 -0.000284 0.988961 -0.148176 11.192100 -0.017393 0.148149 0.988812 0.000000 0.000000 0.000000 0.000000 1.000000
0.999641 0.002627 0.026646 0.000000 0.001638 0.987311 -0.158789 11.192100 -0.026725 0.158775 0.986953 0.000000 0.000000 0.000000 0.000000 1.000000
0.999347 0.006004 0.035635 0.000000 -0.000217 0.987083 -0.160210 11.192100 -0.036137 0.160098 0.986439 0.000000 0.000000 0.000000 0.000000 1.000000
0.999210 0.014564 0.036970 0.000000 -0.009163 0.989784 -0.142277 11.192100 -0.038664 0.141826 0.989136 0.000000 0.000000 0.000000 0.000000 1.000000
0.999125 0.027072 0.031889 0.000000 -0.023517 0.993981 -0.106998 11.192100 -0.034593 0.106154 0.993748 0.000000 0.000000 0.000000 0.000000 1.000000
0.998928 0.039746 0.023716 0.000000 -0.038178 0.997266 -0.063262 11.192100 -0.026166 0.062289 0.997715 -0.000000 0.000000 0.000000 0.000000 1.000000
0.998779 0.048136 0.011092 -0.000000 -0.047952 0.998717 -0.016280 11.192100 -0.011862 0.015728 0.999806 0.000000 0.000000 0.000000 0.000000 1.000000
0.998803 0.048851 -0.002383 0.000000 -0.048765 0.998416 0.028044 11.192100 0.003749 -0.027894 0.999604 0.000000 0.000000 0.000000 0.000000 1.000000
0.998935 0.044674 -0.011507 0.000000 -0.043947 0.997400 0.057112 11.192100 0.014029 -0.056545 0.998301 0.000000 0.000000 0.000000 0.000000 1.000000
0.998753 0.044759 -0.022106 -0.000000 -0.043242 0.996956 0.064876 11.192100 0.024943 -0.063839 0.997648 0.000000 0.000000 0.000000 0.000000 1.000000
0.997887 0.051606 -0.039467 0.000000 -0.049289 0.997122 0.057605 11.192100 0.042326 -0.055538 0.997559 0.000000 0.000000 0.000000 0.000000 1.000000
0.996379 0.061199 -0.059023 0.000000 -0.058534 0.997231 0.045878 11.192100 0.061667 -0.042257 0.997202 0.000000 0.000000 0.000000 0.000000 1.000000
0.994800 0.071111 -0.072906 0.000000 -0.068644 0.996998 0.035815 11.192100 0.075234 -0.030624 0.996696 0.000000 0.000000 0.000000 0.000000 1.000000
0.993377 0.084192 -0.078191 0.000000 -0.082023 0.996162 0.030554 11.192100 0.080463 -0.023938 0.996470 0.000000 0.000000 0.000000 0.000000 1.000000
0.991742 0.101147 -0.078844 0.000000 -0.099055 0.994629 0.030019 11.192100 0.081457 -0.021962 0.996435 -0.000000 0.000000 0.000000 0.000000 1.000000
0.989719 0.117631 -0.081359 0.000000 -0.115784 0.992905 0.027075 11.192100 0.083967 -0.017376 0.996317 -0.000000 0.000000 0.000000 0.000000 1.000000
0.987698 0.129643 -0.087438 0.000000 -0.129462 0.991554 0.007762 11.192100 0.087706 0.003653 0.996140 0.000000 0.000000 0.000000 0.000000 1.000000
0.986491 0.136094 -0.091178 0.000000 -0.139984 0.989436 -0.037685 11.192100 0.085086 0.049940 0.995121 0.000000 0.000000 0.000000 0.000000 1.000000
0.986995 0.135680 -0.086209 0.000000 -0.144492 0.983826 -0.105873 11.192100 0.070450 0.116953 0.990636 0.000000 0.000000 0.000000 0.000000 1.000000
0.989252 0.125246 -0.075461 0.000000 -0.137140 0.973752 -0.181658 11.192100 0.050729 0.190054 0.980462 0.000000 0.000000 0.000000 0.000000 1.000000
0.992217 0.104052 -0.068404 0.000000 -0.118023 0.960983 -0.250166 11.192100 0.039705 0.256292 0.965784 0.000000 0.000000 0.000000 0.000000 1.000000
0.994625 0.078010 -0.068081 0.000000 -0.095093 0.948373 -0.302566 11.192100 0.040963 0.307413 0.950694 0.000000 0.000000 0.000000 0.000000 1.000000
0.996017 0.059358 -0.066537 0.000000 -0.078111 0.940726 -0.330051 11.192100 0.043002 0.333933 0.941615 0.000000 0.000000 0.000000 0.000000 1.000000
0.997019 0.054114 -0.055001 0.000000 -0.069406 0.940401 -0.332909 11.192100 0.033707 0.335734 0.941354 0.000000 0.000000 0.000000 0.000000 1.000000
0.997889 0.053621 -0.036625 0.000000 -0.062663 0.943084 -0.326596 11.192100 0.017028 0.328202 0.944454 0.000000 0.000000 0.000000 0.000000 1.000000
0.998718 0.045746 -0.021673 0.000000 -0.050322 0.943648 -0.327102 11.192100 0.005488 0.327773 0.944740 -0.000000 0.000000 0.000000 0.000000 1.000000
0.999423 0.031967 -0.011471 0.000000 -0.033963 0.940555 -0.337939 11.192100 -0.000014 0.338133 0.941098 -0.000000 0.000000 0.000000 0.000000 1.000000
0.999722 0.023438 -0.002498 0.000000 -0.022821 0.935958 -0.351370 11.192100 -0.005897 0.351329 0.936233 0.000000 0.000000 0.000000 0.000000 1.000000
0.999672 0.025534 0.002127 0.000000 -0.023100 0.934077 -0.356324 11.192100 -0.011085 0.356158 0.934360 0.000000 0.000000 0.000000 0.000000 1.000000
0.999472 0.032465 -0.001322 0.000000 -0.030869 0.936068 -0.350464 11.192100 -0.010141 0.350319 0.936575 0.000000 0.000000 0.000000 0.000000 1.000000
0.999312 0.035909 -0.009246 -0.000000 -0.036913 0.939724 -0.339936 11.192100 -0.003518 0.340043 0.940403 -0.000000 0.000000 0.000000 0.000000 1.000000
0.999320 0.034257 -0.013653 0.000000 -0.036842 0.943611 -0.328999 11.192100 0.001613 0.329278 0.944232 0.000000 0.000000 0.000000 0.000000 1.000000
0.999515 0.030197 -0.007658 0.000000 -0.031086 0.950599 -0.308860 11.192100 -0.002047 0.308948 0.951077 0.000000 0.000000 0.000000 0.000000 1.000000
0.999620 0.026994 0.005597 -0.000000 -0.024227 0.957062 -0.288868 11.192100 -0.013154 0.288623 0.957352 0.000000 0.000000 0.000000 0.000000 1.000000
0.999547 0.022803 0.019621 0.000000 -0.016656 0.962640 -0.270272 11.192100 -0.025051 0.269823 0.962584 0.000000 0.000000 0.000000 0.000000 1.000000
0.999425 0.016923 0.029381 0.000000 -0.008949 0.967467 -0.252840 11.192100 -0.032704 0.252432 0.967062 -0.000000 0.000000 0.000000 0.000000 1.000000
0.999360 0.011058 0.034014 -0.000000 -0.002714 0.971710 -0.236163 11.192100 -0.035663 0.235920 0.971118 0.000000 0.000000 0.000000 0.000000 1.000000
0.999354 0.006009 0.035437 0.000000 0.001979 0.975231 -0.221181 11.192100 -0.035888 0.221108 0.974589 0.000000 0.000000 0.000000 0.000000 1.000000
0.999379 0.001103 0.035224 0.000000 0.006267 0.978018 -0.208429 11.192100 -0.034680 0.208520 0.977403 0.000000 0.000000 0.000000 0.000000 1.000000
0.999436 -0.003558 0.033385 -0.000000 0.010070 0.980356 -0.196978 11.192100 -0.032029 0.197203 0.979839 0.000000 0.000000 0.000000 0.000000 1.000000
0.999520 -0.006874 0.030219 0.000000 0.012376 0.982496 -0.185873 11.192100 -0.028413 0.186158 0.982109 -0.000000 0.000000 0.000000 0.000000 1.000000
0.999601 -0.008119 0.027042 0.000000 0.012746 0.984376 -0.175619 11.192100 -0.025194 0.175893 0.984087 0.000000 0.000000 0.000000 0.000000 1.000000
0.999669 -0.007487 0.024594 0.000000 0.011506 0.985789 -0.167591 11.192100 -0.022990 0.167819 0.985550 0.000000 0.000000 0.000000 0.000000 1.000000
0.999726 -0.005901 0.022644 0.000000 0.009496 0.986730 -0.162090 11.192100 -0.021386 0.162261 0.986516 -0.000000 0.000000 0.000000 0.000000 1.000000
0.999774 -0.004304 0.020823 0.000000 0.007545 0.987385 -0.158155 11.192100 -0.019879 0.158276 0.987195 0.000000 0.000000 0.000000 0.000000 1.000000
0.999817 -0.002749 0.018940 0.000000 0.005650 0.987919 -0.154867 11.192100 -0.018285 0.154946 0.987754 0.000000 0.000000 0.000000 0.000000 1.000000
0.999854 -0.000850 0.017052 0.000000 0.003432 0.988382 -0.151951 11.192100 -0.016724 0.151988 0.988241 -0.000000 0.000000 0.000000 0.000000 1.000000
0.999879 0.001174 0.015520 -0.000000 0.001158 0.988774 -0.149415 11.192100 -0.015522 0.149415 0.988653 0.000000 0.000000 0.000000 0.000000 1.000000
0.999889 0.002768 0.014647 0.000000 -0.000584 0.989131 -0.147035 11.192100 -0.014895 0.147010 0.989023 0.000000 0.000000 0.000000 0.000000 1.000000
0.999891 0.003846 0.014277 0.000000 -0.001743 0.989504 -0.144498 11.192100 -0.014683 0.144457 0.989402 -0.000000 0.000000 0.000000 0.000000 1.000000
0.999890 0.004668 0.014069 0.000000 -0.002627 0.989892 -0.141797 11.192100 -0.014589 0.141744 0.989796 -0.000000 0.000000 0.000000 0.000000 1.000000
0.999890 0.005381 0.013845 0.000000 -0.003402 0.990260 -0.139188 11.192100 -0.014459 0.139125 0.990169 -0.000000 0.000000 0.000000 0.000000 1.000000
0.999890 0.005997 0.013581 -0.000000 -0.004082 0.990583 -0.136854 11.192100 -0.014274 0.136784 0.990498 0.000000 0.000000 0.000000 0.000000 1.000000</float_array>
        <technique_common>
          <accessor source="#mixamorig_Spine1-Matrix-animation-output-transform-array" count="55" stride="16">
            <param type="float4x4"/>
          </accessor>
        </technique_common>
      </source>
      <source id="mixamorig_Spine1-Interpolations">
        <Name_array id="mixamorig_Spine1-Interpolations-array" count="55">
 LINEAR LINEAR LINEAR LINEAR LINEAR LINEAR LINEAR LINEAR LINEAR LINEAR LINEAR
LINEAR LINEAR LINEAR LINEAR LINEAR LINEAR LINEAR LINEAR LINEAR LINEAR LINEAR LINEAR
LINEAR LINEAR LINEAR LINEAR LINEAR LINEAR LINEAR LINEAR LINEAR LINEAR LINEAR LINEAR
LINEAR LINEAR LINEAR LINEAR LINEAR LINEAR LINEAR LINEAR LINEAR LINEAR LINEAR LINEAR
LINEAR LINEAR LINEAR LINEAR LINEAR LINEAR LINEAR LINEAR</Name_array>
        <technique_common>
          <accessor source="#mixamorig_Spine1-Interpolations-array" count="55">
            <param type="name"/>
          </accessor>
        </technique_common>
      </source>
      <sampler id="mixamorig_Spine1-Matrix-animation-transform">
        <input semantic="INPUT" source="#mixamorig_Spine1-Matrix-animation-input"/>
        <input semantic="OUTPUT" source="#mixamorig_Spine1-Matrix-animation-output-transform"/>
        <input semantic="INTERPOLATION" source="#mixamorig_Spine1-Interpolations"/>
      </sampler>
      <channel source="#mixamorig_Spine1-Matrix-animation-transform" target="mixamorig_Spine1/matrix"/>
    </animation>
    <animation id="mixamorig_Spine2-anim" name="mixamorig_Spine2">
      <source id="mixamorig_Spine2-Matrix-animation-input">
        <float_array id="mixamorig_Spine2-Matrix-animation-input-array" count="55">

0.000000 0.033333 0.066667 0.100000 0.133333 0.166667 0.200000 0.233333 0.266667 0.300000 0.333333 0.366667 0.400000 0.433333 0.466667 0.500000
0.533333 0.566667 0.600000 0.633333 0.666667 0.700000 0.733333 0.766667 0.800000 0.833333 0.866667 0.900000 0.933333 0.966667 1.000000 1.033333
1.066667 1.100000 1.133333 1.166667 1.200000 1.233333 1.266667 1.300000 1.333333 1.366667 1.400000 1.433333 1.466667 1.500000 1.533333 1.566667
1.600000 1.633333 1.666667 1.700000 1.733333 1.766667 1.800000</float_array>
        <technique_common>
          <accessor source="#mixamorig_Spine2-Matrix-animation-input-array" count="55">
            <param name="TIME" type="float"/>
          </accessor>
        </technique_common>
      </source>
      <source id="mixamorig_Spine2-Matrix-animation-output-transform">
        <float_array id="mixamorig_Spine2-Matrix-animation-output-transform-array" count="880">

0.999890 0.006886 0.013104 0.000000 -0.005053 0.990817 -0.135117 12.791000 -0.013914 0.135036 0.990743 0.000000 0.000000 0.000000 0.000000 1.000000
0.999909 0.004607 0.012696 0.000000 -0.002794 0.990241 -0.139337 12.791000 -0.013214 0.139288 0.990164 -0.000000 0.000000 0.000000 0.000000 1.000000
0.999858 0.002859 0.016613 0.000000 -0.000365 0.988952 -0.148238 12.791000 -0.016853 0.148211 0.988812 -0.000000 0.000000 0.000000 0.000000 1.000000
0.999659 0.002616 0.025991 -0.000000 0.001547 0.987294 -0.158898 12.791000 -0.026076 0.158884 0.986953 0.000000 0.000000 0.000000 0.000000 1.000000
0.999377 0.005987 0.034768 0.000000 -0.000333 0.987052 -0.160400 12.791000 -0.035278 0.160289 0.986440 0.000000 0.000000 0.000000 0.000000 1.000000
0.999247 0.014570 0.035950 -0.000000 -0.009303 0.989746 -0.142532 12.791000 -0.037658 0.142090 0.989137 0.000000 0.000000 0.000000 0.000000 1.000000
0.999155 0.027118 0.030892 0.000000 -0.023660 0.993949 -0.107267 12.791000 -0.033614 0.106445 0.993750 0.000000 0.000000 0.000000 0.000000 1.000000
0.998944 0.039810 0.022951 0.000000 -0.038284 0.997248 -0.063488 12.791000 -0.025416 0.062543 0.997719 -0.000000 0.000000 0.000000 0.000000 1.000000
0.998781 0.048166 0.010829 0.000000 -0.047985 0.998714 -0.016358 12.791000 -0.011603 0.015818 0.999808 -0.000000 0.000000 0.000000 0.000000 1.000000
0.998807 0.048790 -0.001967 0.000000 -0.048715 0.998415 0.028180 12.791000 0.003339 -0.028051 0.999601 0.000000 0.000000 0.000000 0.000000 1.000000
0.998952 0.044518 -0.010590 0.000000 -0.043840 0.997388 0.057401 12.791000 0.013118 -0.056876 0.998295 0.000000 0.000000 0.000000 0.000000 1.000000
0.998781 0.044570 -0.021192 0.000000 -0.043102 0.996934 0.065306 12.791000 0.024038 -0.064313 0.997640 0.000000 0.000000 0.000000 0.000000 1.000000
0.997921 0.051397 -0.038875 -0.000000 -0.049087 0.997097 0.058206 12.791000 0.041754 -0.056176 0.997547 0.000000 0.000000 0.000000 0.000000 1.000000
0.996414 0.060893 -0.058747 -0.000000 -0.058190 0.997213 0.046683 12.791000 0.061426 -0.043097 0.997181 -0.000000 0.000000 0.000000 0.000000 1.000000
0.994831 0.070723 -0.072869 0.000000 -0.068186 0.996996 0.036742 12.791000 0.075248 -0.031584 0.996665 0.000000 0.000000 0.000000 0.000000 1.000000
0.993401 0.083773 -0.078331 0.000000 -0.081526 0.996175 0.031457 12.791000 0.080667 -0.024863 0.996431 -0.000000 0.000000 0.000000 0.000000 1.000000
0.991764 0.100729 -0.079104 0.000000 -0.098561 0.994652 0.030861 12.791000 0.081790 -0.022810 0.996389 -0.000000 0.000000 0.000000 0.000000 1.000000
0.989738 0.117208 -0.081731 0.000000 -0.115279 0.992940 0.027951 12.791000 0.084430 -0.018242 0.996262 0.000000 0.000000 0.000000 0.000000 1.000000
0.987701 0.129205 -0.088054 0.000000 -0.128934 0.991614 0.008777 12.791000 0.088449 0.002684 0.996077 -0.000000 0.000000 0.000000 0.000000 1.000000
0.986445 0.135707 -0.092247 -0.000000 -0.139550 0.989540 -0.036550 12.791000 0.086322 0.048928 0.995065 0.000000 0.000000 0.000000 0.000000 1.000000
0.986875 0.135432 -0.087951 0.000000 -0.144362 0.983973 -0.104671 12.791000 0.072365 0.115994 0.990610 0.000000 0.000000 0.000000 0.000000 1.000000
0.989061 0.125109 -0.078136 0.000000 -0.137451 0.973933 -0.180451 12.791000 0.053524 0.189217 0.980475 0.000000 0.000000 0.000000 0.000000 1.000000
0.991978 0.103858 -0.072059 0.000000 -0.118724 0.961195 -0.249017 12.791000 0.043401 0.255574 0.965815 0.000000 0.000000 0.000000 0.000000 1.000000
0.994362 0.077718 -0.072146 0.000000 -0.096019 0.948611 -0.301525 12.791000 0.045004 0.306752 0.950725 -0.000000 0.000000 0.000000 0.000000 1.000000
0.995768 0.059135 -0.070355 0.000000 -0.079137 0.940949 -0.329169 12.791000 0.046735 0.333344 0.941646 0.000000 0.000000 0.000000 0.000000 1.000000
0.996841 0.054047 -0.058199 -0.000000 -0.070395 0.940551 -0.332277 12.791000 0.036781 0.335324 0.941385 0.000000 0.000000 0.000000 0.000000 1.000000
0.997792 0.053579 -0.039237 -0.000000 -0.063474 0.943159 -0.326223 12.791000 0.019528 0.327994 0.944478 0.000000 0.000000 0.000000 0.000000 1.000000
0.998670 0.045663 -0.023925 0.000000 -0.050981 0.943682 -0.326902 12.791000 0.007650 0.327687 0.944755 -0.000000 0.000000 0.000000 0.000000 1.000000
0.999401 0.031827 -0.013622 -0.000000 -0.034558 0.940570 -0.337836 12.791000 0.002060 0.338104 0.941106 0.000000 0.000000 0.000000 0.000000 1.000000
0.999719 0.023217 -0.004845 0.000000 -0.023438 0.935957 -0.351333 12.791000 -0.003622 0.351348 0.936238 0.000000 0.000000 0.000000 0.000000 1.000000
0.999681 0.025247 -0.000580 0.000000 -0.023797 0.934062 -0.356317 12.791000 -0.008454 0.356217 0.934365 -0.000000 0.000000 0.000000 0.000000 1.000000
0.999473 0.032174 -0.004326 0.000000 -0.031650 0.936059 -0.350418 12.791000 -0.007225 0.350370 0.936584 -0.000000 0.000000 0.000000 0.000000 1.000000
0.999288 0.035653 -0.012369 0.000000 -0.037735 0.939738 -0.339806 12.791000 -0.000492 0.340031 0.940414 0.000000 0.000000 0.000000 0.000000 1.000000
0.999281 0.034047 -0.016689 0.000000 -0.037643 0.943640 -0.328827 12.791000 0.004553 0.329218 0.944243 0.000000 0.000000 0.000000 0.000000 1.000000
0.999496 0.030019 -0.010349 0.000000 -0.031748 0.950612 -0.308754 12.791000 0.000570 0.308927 0.951086 0.000000 0.000000 0.000000 0.000000 1.000000
0.999635 0.026825 0.003278 -0.000000 -0.024735 0.957044 -0.288885 12.791000 -0.010887 0.288699 0.957358 0.000000 0.000000 0.000000 0.000000 1.000000
0.999587 0.022642 0.017671 -0.000000 -0.017024 0.962598 -0.270397 12.791000 -0.023132 0.269985 0.962587 0.000000 0.000000 0.000000 0.000000 1.000000
0.999473 0.016776 0.027783 0.000000 -0.009204 0.967418 -0.253018 12.791000 -0.031123 0.252629 0.967062 0.000000 0.000000 0.000000 0.000000 1.000000
0.999405 0.010935 0.032708 0.000000 -0.002897 0.971664 -0.236348 12.791000 -0.034366 0.236113 0.971118 -0.000000 0.000000 0.000000 0.000000 1.000000
0.999392 0.005913 0.034347 0.000000 0.001837 0.975192 -0.221354 12.791000 -0.034804 0.221282 0.974589 0.000000 0.000000 0.000000 0.000000 1.000000
0.999412 0.001029 0.034271 0.000000 0.006145 0.977984 -0.208588 12.791000 -0.033731 0.208676 0.977403 0.000000 0.000000 0.000000 0.000000 1.000000
