<?xml version="1.0" encoding="utf-8"?>
<COLLADA xmlns="http://www.collada.org/2005/11/COLLADASchema" version="1.4.1">
  <asset>
    <contributor>
      <author>Mixamo</author>
      <authoring_tool>COLLADA Mixamo exporter</authoring_tool>
      <comments/>
    </contributor>
    <created>2022-11-22T18:11:21Z</created>
    <modified>2022-11-22T18:11:21Z</modified>
    <revision/>
    <title/>
    <unit meter="0.010000"/>
    <up_axis>Y_UP</up_axis>
  </asset>
  <library_animations>
    <animation id="mixamorig_Hips-anim" name="mixamorig_Hips">
      <source id="mixamorig_Hips-Matrix-animation-input">
        <float_array id="mixamorig_Hips-Matrix-animation-input-array" count="72">

0.000000 0.033333 0.066667 0.100000 0.133333 0.166667 0.200000 0.233333 0.266667 0.300000 0.333333 0.366667 0.400000 0.433333 0.466667 0.500000
0.533333 0.566667 0.600000 0.633333 0.666667 0.700000 0.733333 0.766667 0.800000 0.833333 0.866667 0.900000 0.933333 0.966667 1.000000 1.033333
1.066667 1.100000 1.133333 1.166667 1.200000 1.233333 1.266667 1.300000 1.333333 1.366667 1.400000 1.433333 1.466667 1.500000 1.533333 1.566667
1.600000 1.633333 1.666667 1.700000 1.733333 1.766667 1.800000 1.833333 1.866667 1.900000 1.933333 1.966667 2.000000 2.033333 2.066667 2.100000
2.133333 2.166667 2.200000 2.233333 2.266667 2.300000 2.333333 2.366667</float_array>
        <technique_common>
          <accessor source="#mixamorig_Hips-Matrix-animation-input-array" count="72">
            <param name="TIME" type="float"/>
          </accessor>
        </technique_common>
      </source>
      <source id="mixamorig_Hips-Matrix-animation-output-transform">
        <float_array id="mixamorig_Hips-Matrix-animation-output-transform-array" count="1152">

0.959255 0.037699 0.280016 0.668366 -0.017473 0.997077 -0.074381 91.733337 -0.282001 0.066458 0.957110 0.389081 0.000000 0.000000 0.000000 1.000000
0.940569 0.079332 0.330206 0.983065 -0.050167 0.994122 -0.095940 91.718559 -0.335876 0.073673 0.939021 0.556960 0.000000 0.000000 0.000000 1.000000
0.929228 0.119450 0.349668 1.157513 -0.083585 0.989729 -0.115978 91.470840 -0.359930 0.078543 0.929668 0.702205 0.000000 0.000000 0.000000 1.000000
0.929764 0.153411 0.334670 1.234807 -0.115472 0.984691 -0.130576 90.869606 -0.349578 0.082760 0.933245 0.856454 0.000000 0.000000 0.000000 1.000000
0.941896 0.172798 0.288049 1.346109 -0.137442 0.980722 -0.138904 90.701546 -0.306498 0.091243 0.947488 1.042603 0.000000 0.000000 0.000000 1.000000
0.956796 0.190069 0.220033 1.752475 -0.161917 0.976859 -0.139749 90.623123 -0.241503 0.098084 0.965430 1.264724 0.000000 0.000000 0.000000 1.000000
0.973364 0.192663 0.124274 2.347432 -0.176530 0.975679 -0.129954 90.541885 -0.146289 0.104555 0.983701 1.511245 0.000000 0.000000 0.000000 1.000000
0.982015 0.186422 0.029891 3.057274 -0.181825 0.976438 -0.116223 90.320717 -0.050854 0.108698 0.992773 1.702516 0.000000 0.000000 0.000000 1.000000
0.985263 0.163383 -0.050632 4.032777 -0.167643 0.981147 -0.096162 90.124138 0.033966 0.103233 0.994077 1.765069 0.000000 0.000000 0.000000 1.000000
0.986400 0.117926 -0.114491 5.410963 -0.127068 0.988969 -0.076119 89.818130 0.104252 0.089632 0.990504 1.809164 0.000000 0.000000 0.000000 1.000000
0.987500 0.049373 -0.149685 7.024083 -0.059534 0.996161 -0.064177 89.185059 0.145942 0.072286 0.986649 1.822123 0.000000 0.000000 0.000000 1.000000
0.987700 -0.031285 -0.153200 8.733546 0.022660 0.998075 -0.057729 88.516884 0.154712 0.053547 0.986507 1.804438 0.000000 0.000000 0.000000 1.000000
0.985171 -0.107150 -0.134005 10.369446 0.101123 0.993565 -0.051023 88.005714 0.138610 0.036715 0.989666 1.834465 0.000000 0.000000 0.000000 1.000000
0.980284 -0.169972 -0.100765 11.668568 0.166175 0.985068 -0.045014 87.645920 0.106912 0.027382 0.993891 1.968332 0.000000 0.000000 0.000000 1.000000
0.974468 -0.219269 -0.048304 12.496863 0.217706 0.975365 -0.035602 87.394867 0.054920 0.024177 0.998198 2.117993 0.000000 0.000000 0.000000 1.000000
0.965447 -0.259054 0.028351 12.835807 0.259531 0.965625 -0.014590 87.218109 -0.023597 0.021444 0.999492 2.198601 0.000000 0.000000 0.000000 1.000000
0.950532 -0.288038 0.116290 12.689434 0.288222 0.957437 0.015602 87.031441 -0.115834 0.018687 0.993093 2.211636 0.000000 0.000000 0.000000 1.000000
0.930822 -0.301919 0.205950 12.152778 0.298998 0.953148 0.045933 86.830391 -0.210169 0.018823 0.977484 2.180435 0.000000 0.000000 0.000000 1.000000
0.905067 -0.298599 0.302806 11.364872 0.290962 0.954084 0.071163 86.610832 -0.310152 0.023698 0.950392 2.054785 0.000000 0.000000 0.000000 1.000000
0.873321 -0.274514 0.402433 10.409753 0.261986 0.961134 0.087088 86.409363 -0.410699 0.029376 0.911298 1.860858 0.000000 0.000000 0.000000 1.000000
0.842483 -0.230659 0.486845 9.318586 0.214497 0.972605 0.089618 86.234810 -0.494179 0.028925 0.868879 1.674251 0.000000 0.000000 0.000000 1.000000
0.822107 -0.172680 0.542514 8.079989 0.158626 0.984634 0.073029 86.178406 -0.546788 0.026020 0.836867 1.495488 0.000000 0.000000 0.000000 1.000000
0.817114 -0.097392 0.568189 6.700910 0.095736 0.994865 0.032849 86.333389 -0.568470 0.027555 0.822242 1.330759 0.000000 0.000000 0.000000 1.000000
0.820590 -0.006184 0.571484 5.212174 0.022239 0.999530 -0.021118 86.774658 -0.571085 0.030038 0.820341 1.237601 0.000000 0.000000 0.000000 1.000000
0.821633 0.081583 0.564149 3.713347 -0.052108 0.996311 -0.068188 87.514381 -0.567630 0.026629 0.822853 1.163812 0.000000 0.000000 0.000000 1.000000
0.819969 0.143765 0.554060 2.297613 -0.110148 0.989485 -0.093736 88.302498 -0.561710 0.015832 0.827182 0.988669 0.000000 0.000000 0.000000 1.000000
0.826802 0.177857 0.533635 1.074202 -0.145481 0.984030 -0.102566 88.924919 -0.543355 0.007168 0.839473 0.775433 0.000000 0.000000 0.000000 1.000000
0.852727 0.192581 0.485560 0.088527 -0.162073 0.981225 -0.104541 89.360527 -0.496577 0.010449 0.867930 0.648905 0.000000 0.000000 0.000000 1.000000
0.894334 0.193758 0.403267 -0.623154 -0.167639 0.980817 -0.099476 89.656837 -0.414805 0.021361 0.909660 0.571913 0.000000 0.000000 0.000000 1.000000
0.936094 0.189923 0.296071 -0.975598 -0.171410 0.981304 -0.087532 89.991608 -0.307160 0.031189 0.951147 0.547777 0.000000 0.000000 0.000000 1.000000
0.966883 0.184414 0.176434 -1.073723 -0.174648 0.982175 -0.069505 90.311226 -0.186107 0.036389 0.981855 0.612370 0.000000 0.000000 0.000000 1.000000
0.984085 0.169762 0.052508 -1.164116 -0.167969 0.985102 -0.036881 90.609512 -0.057987 0.027475 0.997939 0.765117 0.000000 0.000000 0.000000 1.000000
0.986528 0.149583 -0.066243 -1.331036 -0.150054 0.988675 -0.002168 90.855782 0.065168 0.012079 0.997801 0.891996 0.000000 0.000000 0.000000 1.000000
0.976190 0.129703 -0.173868 -1.516166 -0.129500 0.991500 0.012560 91.000061 0.174019 0.010254 0.984689 0.958307 0.000000 0.000000 0.000000 1.000000
0.957441 0.104060 -0.269218 -1.767539 -0.104520 0.994442 0.012667 91.085785 0.269040 0.016011 0.962996 1.015556 0.000000 0.000000 0.000000 1.000000
0.935073 0.067236 -0.348019 -2.070004 -0.070271 0.997520 0.003912 90.917061 0.347419 0.020797 0.937479 0.996237 0.000000 0.000000 0.000000 1.000000
0.915769 0.024066 -0.400984 -2.291241 -0.033097 0.999330 -0.015609 90.785011 0.400340 0.027566 0.915952 0.815049 0.000000 0.000000 0.000000 1.000000
0.905543 -0.015882 -0.423957 -2.263818 0.000409 0.999331 -0.036563 90.821404 0.424254 0.032935 0.904944 0.474752 0.000000 0.000000 0.000000 1.000000
0.909368 -0.050109 -0.412963 -2.067779 0.033341 0.998304 -0.047716 90.809097 0.414654 0.029622 0.909497 0.015978 0.000000 0.000000 0.000000 1.000000
0.927831 -0.079678 -0.364392 -1.942383 0.066485 0.996602 -0.048631 90.757347 0.367028 0.020895 0.929975 -0.539875 0.000000 0.000000 0.000000 1.000000
0.952670 -0.104952 -0.285314 -2.033836 0.096155 0.994362 -0.044709 90.647346 0.288398 0.015159 0.957391 -1.055200 0.000000 0.000000 0.000000 1.000000
0.974902 -0.119378 -0.187925 -2.320414 0.114276 0.992730 -0.037791 90.425964 0.191070 0.015367 0.981456 -1.379697 0.000000 0.000000 0.000000 1.000000
0.989139 -0.119255 -0.085918 -2.834127 0.117175 0.992692 -0.028869 90.046585 0.088732 0.018488 0.995884 -1.480130 0.000000 0.000000 0.000000 1.000000
0.994097 -0.107848 0.011802 -3.640654 0.108115 0.993826 -0.024936 89.602768 -0.009040 0.026065 0.999619 -1.366466 0.000000 0.000000 0.000000 1.000000
0.991364 -0.084751 0.100077 -4.684417 0.088179 0.995643 -0.030335 89.243073 -0.097070 0.038898 0.994517 -1.067041 0.000000 0.000000 0.000000 1.000000
0.984710 -0.047139 0.167702 -5.854403 0.055021 0.997573 -0.042664 88.997742 -0.165284 0.051239 0.984914 -0.682935 0.000000 0.000000 0.000000 1.000000
0.980135 0.005132 0.198264 -7.062986 0.006863 0.998189 -0.059764 88.786926 -0.198211 0.059938 0.978325 -0.364952 0.000000 0.000000 0.000000 1.000000
0.980936 0.066326 0.182662 -8.251632 -0.052558 0.995471 -0.079212 88.586327 -0.187089 0.068101 0.979980 -0.170213 0.000000 0.000000 0.000000 1.000000
0.983595 0.126040 0.129056 -9.343553 -0.114285 0.988916 -0.094789 88.512779 -0.139572 0.078485 0.987097 -0.044850 0.000000 0.000000 0.000000 1.000000
0.982119 0.178490 0.059863 -10.273989 -0.171992 0.979985 -0.100240 88.576637 -0.076557 0.088152 0.993161 0.072487 0.000000 0.000000 0.000000 1.000000
0.975134 0.221509 -0.006856 -11.038190 -0.221141 0.970563 -0.095415 88.590973 -0.014481 0.094559 0.995414 0.204517 0.000000 0.000000 0.000000 1.000000
0.965041 0.251504 -0.073769 -11.640369 -0.257269 0.962749 -0.083229 88.343811 0.050089 0.099298 0.993796 0.306491 0.000000 0.000000 0.000000 1.000000
0.952020 0.267338 -0.148956 -11.945048 -0.279126 0.958089 -0.064447 88.117661 0.125484 0.102932 0.986741 0.385884 0.000000 0.000000 0.000000 1.000000
0.933243 0.271704 -0.235020 -11.906353 -0.288651 0.956586 -0.040307 87.952980 0.213865 0.105455 0.971154 0.457683 0.000000 0.000000 0.000000 1.000000
0.904472 0.267804 -0.331981 -11.509184 -0.288557 0.957362 -0.013877 87.819626 0.314109 0.108347 0.943184 0.545683 0.000000 0.000000 0.000000 1.000000
0.865994 0.251095 -0.432442 -10.774522 -0.274119 0.961650 0.009434 87.708748 0.418226 0.110370 0.901612 0.681243 0.000000 0.000000 0.000000 1.000000
0.823534 0.219803 -0.522951 -9.751848 -0.242208 0.969870 0.026224 87.614738 0.512959 0.105067 0.851959 0.840755 0.000000 0.000000 0.000000 1.000000
0.781985 0.180167 -0.596690 -8.503298 -0.199842 0.979246 0.033776 87.528328 0.590391 0.092832 0.801761 0.953348 0.000000 0.000000 0.000000 1.000000
0.748297 0.135122 -0.649456 -7.087829 -0.153466 0.987738 0.028680 87.498825 0.645367 0.078208 0.759858 0.968743 0.000000 0.000000 0.000000 1.000000
0.732597 0.082087 -0.675695 -5.654406 -0.101467 0.994780 0.010840 87.497620 0.673058 0.060619 0.737101 0.881451 0.000000 0.000000 0.000000 1.000000
0.736590 0.023381 -0.675935 -4.217335 -0.045306 0.998863 -0.014819 87.656120 0.674820 0.041539 0.736812 0.672174 0.000000 0.000000 0.000000 1.000000
0.755724 -0.031508 -0.654131 -2.887920 0.006478 0.999153 -0.040644 88.050179 0.654858 0.026478 0.755288 0.413902 0.000000 0.000000 0.000000 1.000000
0.787096 -0.073763 -0.612404 -1.780364 0.046955 0.997108 -0.059751 88.573044 0.615040 0.018274 0.788284 0.161670 0.000000 0.000000 0.000000 1.000000
0.828927 -0.100067 -0.550333 -0.978216 0.074345 0.994849 -0.068912 89.142517 0.554394 0.016209 0.832097 -0.099991 0.000000 0.000000 0.000000 1.000000
0.877353 -0.112495 -0.466473 -0.556153 0.090921 0.993494 -0.068585 89.740913 0.471153 0.017761 0.881873 -0.334418 0.000000 0.000000 0.000000 1.000000
0.925594 -0.115096 -0.360594 -0.417619 0.099722 0.993142 -0.061023 90.432014 0.365145 0.020523 0.930724 -0.484115 0.000000 0.000000 0.000000 1.000000
0.964512 -0.111281 -0.239444 -0.417133 0.101439 0.993425 -0.053084 91.104507 0.243776 0.026912 0.969458 -0.543305 0.000000 0.000000 0.000000 1.000000
0.988299 -0.100239 -0.114966 -0.416118 0.095004 0.994212 -0.050159 91.615158 0.119329 0.038650 0.992102 -0.497356 0.000000 0.000000 0.000000 1.000000
0.996930 -0.078206 0.003914 -0.314368 0.078303 0.995751 -0.048455 91.918243 -0.000108 0.048612 0.998818 -0.296687 0.000000 0.000000 0.000000 1.000000
0.992699 -0.044996 0.111912 -0.076569 0.050700 0.997528 -0.048652 91.997017 -0.109446 0.053970 0.992526 -0.066301 0.000000 0.000000 0.000000 1.000000
0.978709 -0.004519 0.205205 0.277764 0.016651 0.998211 -0.057430 91.880791 -0.204578 0.059624 0.977033 0.177834 0.000000 0.000000 0.000000 1.000000
0.959255 0.037699 0.280016 0.668366 -0.017473 0.997077 -0.074381 91.733337 -0.282001 0.066458 0.957110 0.389081 0.000000 0.000000 0.000000 1.000000</float_array>
        <technique_common>
          <accessor source="#mixamorig_Hips-Matrix-animation-output-transform-array" count="72" stride="16">
            <param type="float4x4"/>
          </accessor>
        </technique_common>
      </source>
      <source id="mixamorig_Hips-Interpolations">
        <Name_array id="mixamorig_Hips-Interpolations-array" count="72">
 LINEAR LINEAR LINEAR LINEAR LINEAR LINEAR LINEAR LINEAR LINEAR LINEAR LINEAR
LINEAR LINEAR LINEAR LINEAR LINEAR LINEAR LINEAR LINEAR LINEAR LINEAR LINEAR LINEAR
LINEAR LINEAR LINEAR LINEAR LINEAR LINEAR LINEAR LINEAR LINEAR LINEAR LINEAR LINEAR
LINEAR LINEAR LINEAR LINEAR LINEAR LINEAR LINEAR LINEAR LINEAR LINEAR LINEAR LINEAR
LINEAR LINEAR LINEAR LINEAR LINEAR LINEAR LINEAR LINEAR LINEAR LINEAR LINEAR LINEAR
LINEAR LINEAR LINEAR LINEAR LINEAR LINEAR LINEAR LINEAR LINEAR LINEAR LINEAR LINEAR
LINEAR</Name_array>
        <technique_common>
          <accessor source="#mixamorig_Hips-Interpolations-array" count="72">
            <param type="name"/>
          </accessor>
        </technique_common>
      </source>
      <sampler id="mixamorig_Hips-Matrix-animation-transform">
        <input semantic="INPUT" source="#mixamorig_Hips-Matrix-animation-input"/>
        <input semantic="OUTPUT" source="#mixamorig_Hips-Matrix-animation-output-transform"/>
        <input semantic="INTERPOLATION" source="#mixamorig_Hips-Interpolations"/>
      </sampler>
      <channel source="#mixamorig_Hips-Matrix-animation-transform" target="mixamorig_Hips/matrix"/>
    </animation>
    <animation id="mixamorig_Spine-anim" name="mixamorig_Spine">
      <source id="mixamorig_Spine-Matrix-animation-input">
        <float_array id="mixamorig_Spine-Matrix-animation-input-array" count="72">

0.000000 0.033333 0.066667 0.100000 0.133333 0.166667 0.200000 0.233333 0.266667 0.300000 0.333333 0.366667 0.400000 0.433333 0.466667 0.500000
0.533333 0.566667 0.600000 0.633333 0.666667 0.700000 0.733333 0.766667 0.800000 0.833333 0.866667 0.900000 0.933333 0.966667 1.000000 1.033333
1.066667 1.100000 1.133333 1.166667 1.200000 1.233333 1.266667 1.300000 1.333333 1.366667 1.400000 1.433333 1.466667 1.500000 1.533333 1.566667
1.600000 1.633333 1.666667 1.700000 1.733333 1.766667 1.800000 1.833333 1.866667 1.900000 1.933333 1.966667 2.000000 2.033333 2.066667 2.100000
2.133333 2.166667 2.200000 2.233333 2.266667 2.300000 2.333333 2.366667</float_array>
        <technique_common>
          <accessor source="#mixamorig_Spine-Matrix-animation-input-array" count="72">
            <param name="TIME" type="float"/>
          </accessor>
        </technique_common>
      </source>
      <source id="mixamorig_Spine-Matrix-animation-output-transform">
        <float_array id="mixamorig_Spine-Matrix-animation-output-transform-array" count="1152">

0.985172 -0.005826 -0.171471 -0.000000 0.047022 0.970324 0.237193 10.969700 0.165000 -0.241739 0.956210 -0.921700 0.000000 0.000000 0.000000 1.000000
0.982563 -0.000720 -0.185929 -0.000000 0.050272 0.963775 0.261936 10.969700 0.179005 -0.266715 0.947006 -0.921700 0.000000 0.000000 0.000000 1.000000
0.983358 -0.021254 -0.180434 0.000000 0.071089 0.958962 0.274477 10.969700 0.167195 -0.282736 0.944514 -0.921700 0.000000 0.000000 0.000000 1.000000
0.986735 -0.054159 -0.153036 0.000000 0.096008 0.954861 0.281112 10.969700 0.130904 -0.292076 0.947394 -0.921700 0.000000 0.000000 0.000000 1.000000
0.990804 -0.080109 -0.109045 -0.000000 0.108802 0.950789 0.290108 10.969700 0.080438 -0.299305 0.950761 -0.921700 0.000000 0.000000 0.000000 1.000000
0.989792 -0.123170 -0.071707 0.000000 0.139109 0.944357 0.298058 10.969700 0.031006 -0.304991 0.951850 -0.921700 0.000000 0.000000 0.000000 1.000000
0.988323 -0.130445 -0.078747 -0.000000 0.148290 0.942254 0.300279 10.969700 0.035030 -0.308451 0.950595 -0.921700 0.000000 0.000000 0.000000 1.000000
0.987143 -0.143480 -0.070442 -0.000000 0.158123 0.940998 0.299198 10.969700 0.023357 -0.306490 0.951587 -0.921700 0.000000 0.000000 0.000000 1.000000
0.981308 -0.191650 -0.017461 0.000000 0.188213 0.936856 0.294749 10.969700 -0.040130 -0.292526 0.955415 -0.921700 0.000000 0.000000 0.000000 1.000000
0.968559 -0.241806 0.058504 -0.000000 0.217359 0.936893 0.273838 10.969700 -0.121027 -0.252512 0.959995 -0.921700 0.000000 0.000000 0.000000 1.000000
0.955882 -0.256708 0.142796 0.000000 0.218814 0.946568 0.236915 10.969700 -0.195984 -0.195217 0.960979 -0.921700 0.000000 0.000000 0.000000 1.000000
0.946173 -0.244545 0.212025 0.000000 0.203346 0.958793 0.198412 10.969700 -0.251808 -0.144618 0.956911 -0.921700 0.000000 0.000000 0.000000 1.000000
0.939671 -0.229196 0.253945 0.000000 0.187802 0.966120 0.177041 10.969700 -0.285919 -0.118668 0.950878 -0.921700 0.000000 0.000000 0.000000 1.000000
0.938646 -0.208728 0.274549 0.000000 0.164739 0.970728 0.174783 10.969700 -0.302994 -0.118830 0.945555 -0.921700 0.000000 0.000000 0.000000 1.000000
0.945137 -0.176348 0.274986 0.000000 0.131971 0.976145 0.172410 10.969700 -0.298830 -0.126661 0.945863 -0.921700 0.000000 0.000000 0.000000 1.000000
0.959404 -0.128549 0.251035 -0.000000 0.091079 0.983612 0.155601 10.969700 -0.266924 -0.126420 0.955390 -0.921700 0.000000 0.000000 0.000000 1.000000
0.975389 -0.065677 0.210483 0.000000 0.039202 0.991054 0.127575 10.969700 -0.216978 -0.116184 0.969238 -0.921700 0.000000 0.000000 0.000000 1.000000
0.987097 0.002440 0.160107 0.000000 -0.018218 0.995103 0.097153 10.969700 -0.159086 -0.098816 0.982307 -0.921700 0.000000 0.000000 0.000000 1.000000
0.993610 0.061410 0.094695 0.000000 -0.068239 0.995165 0.070643 10.969700 -0.089899 -0.076653 0.992997 -0.921700 0.000000 0.000000 0.000000 1.000000
0.995119 0.096808 0.019119 0.000000 -0.097729 0.993681 0.055208 10.969700 -0.013654 -0.056807 0.998292 -0.921700 0.000000 0.000000 0.000000 1.000000
0.992843 0.108566 -0.049758 0.000000 -0.105821 0.992872 0.054830 10.969700 0.055356 -0.049172 0.997255 -0.921700 0.000000 0.000000 0.000000 1.000000
0.989259 0.107934 -0.098578 -0.000000 -0.101173 0.992318 0.071193 10.969700 0.105505 -0.060455 0.992579 -0.921700 0.000000 0.000000 0.000000 1.000000
0.987238 0.098074 -0.125468 0.000000 -0.084982 0.990753 0.105762 10.969700 0.134680 -0.093750 0.986444 -0.921700 0.000000 0.000000 0.000000 1.000000
0.985824 0.085819 -0.144176 -0.000000 -0.063190 0.985925 0.154786 10.969700 0.155430 -0.143482 0.977371 -0.921700 0.000000 0.000000 0.000000 1.000000
0.982205 0.088334 -0.165742 -0.000000 -0.053634 0.977665 0.203211 10.969700 0.179990 -0.190706 0.965005 -0.921700 0.000000 0.000000 0.000000 1.000000
0.977954 0.105839 -0.180011 0.000000 -0.063992 0.972460 0.224112 10.969700 0.198773 -0.207652 0.957794 -0.921700 0.000000 0.000000 0.000000 1.000000
0.978311 0.118310 -0.170031 0.000000 -0.079266 0.972187 0.220386 10.969700 0.191376 -0.202128 0.960479 -0.921700 0.000000 0.000000 0.000000 1.000000
0.984603 0.117624 -0.129311 0.000000 -0.086610 0.970822 0.223615 10.969700 0.151840 -0.208972 0.966062 -0.921700 0.000000 0.000000 0.000000 1.000000
0.992612 0.100271 -0.068323 0.000000 -0.081328 0.967696 0.238640 10.969700 0.090044 -0.231321 0.968702 -0.921700 0.000000 0.000000 0.000000 1.000000
0.998337 0.057609 -0.002237 0.000000 -0.055178 0.966007 0.252558 10.969700 0.016711 -0.252014 0.967579 -0.921700 0.000000 0.000000 0.000000 1.000000
0.997703 -0.012521 0.066575 0.000000 -0.005223 0.965625 0.259886 10.969700 -0.067540 -0.259637 0.963342 -0.921700 0.000000 0.000000 0.000000 1.000000
0.986556 -0.081374 0.141725 0.000000 0.045099 0.969104 0.242493 10.969700 -0.157079 -0.232842 0.959745 -0.921700 0.000000 0.000000 0.000000 1.000000
0.968013 -0.129309 0.215013 -0.000000 0.084209 0.974696 0.207064 10.969700 -0.236347 -0.182335 0.954408 -0.921700 0.000000 0.000000 0.000000 1.000000
0.944510 -0.169681 0.281265 0.000000 0.119955 0.975286 0.185550 10.969700 -0.305798 -0.141515 0.941521 -0.921700 0.000000 0.000000 0.000000 1.000000
0.916943 -0.200360 0.345067 -0.000000 0.147286 0.973673 0.173974 10.969700 -0.370840 -0.108700 0.922313 -0.921700 0.000000 0.000000 0.000000 1.000000
0.893485 -0.209651 0.397154 0.000000 0.154880 0.973940 0.165692 10.969700 -0.421541 -0.086532 0.902671 -0.921700 0.000000 0.000000 0.000000 1.000000
0.882577 -0.208887 0.421217 0.000000 0.149278 0.974028 0.170251 10.969700 -0.445841 -0.087381 0.890837 -0.921700 0.000000 0.000000 0.000000 1.000000
0.883422 -0.213649 0.417038 0.000000 0.151657 0.972468 0.176938 10.969700 -0.443358 -0.093064 0.891500 -0.921700 0.000000 0.000000 0.000000 1.000000
0.895086 -0.215346 0.390445 -0.000000 0.160985 0.972656 0.167404 10.969700 -0.415818 -0.086986 0.905278 -0.921700 0.000000 0.000000 0.000000 1.000000
0.916760 -0.202241 0.344457 -0.000000 0.159529 0.975969 0.148441 10.969700 -0.366200 -0.081134 0.926992 -0.921700 0.000000 0.000000 0.000000 1.000000
0.943037 -0.169437 0.286309 0.000000 0.135081 0.981469 0.135908 10.969700 -0.304032 -0.089491 0.948449 -0.921700 0.000000 0.000000 0.000000 1.000000
0.967779 -0.124770 0.218713 0.000000 0.098428 0.986943 0.127493 10.969700 -0.231765 -0.101858 0.967424 -0.921700 0.000000 0.000000 0.000000 1.000000
0.986985 -0.075338 0.142075 0.000000 0.058556 0.991189 0.118810 10.969700 -0.149774 -0.108944 0.982700 -0.921700 0.000000 0.000000 0.000000 1.000000
0.998037 -0.018097 0.059953 0.000000 0.010620 0.992379 0.122767 10.969700 -0.061718 -0.121890 0.990623 -0.921700 0.000000 0.000000 0.000000 1.000000
0.998779 0.042737 -0.024797 0.000000 -0.038622 0.988284 0.147660 10.969700 0.030817 -0.146522 0.988727 -0.921700 0.000000 0.000000 0.000000 1.000000
0.990117 0.093316 -0.104690 0.000000 -0.073437 0.980951 0.179841 10.969700 0.119477 -0.170375 0.978109 -0.921700 0.000000 0.000000 0.000000 1.000000
0.978680 0.120234 -0.166524 0.000000 -0.084713 0.974876 0.206011 10.969700 0.187110 -0.187512 0.964277 -0.921700 0.000000 0.000000 0.000000 1.000000
0.970767 0.124589 -0.205155 0.000000 -0.076016 0.970320 0.229567 10.969700 0.227668 -0.207261 0.951425 -0.921700 0.000000 0.000000 0.000000 1.000000
0.967109 0.116847 -0.225934 0.000000 -0.057239 0.965435 0.254282 10.969700 0.247837 -0.232986 0.940369 -0.921700 0.000000 0.000000 0.000000 1.000000
0.966881 0.098480 -0.235463 -0.000000 -0.030792 0.960832 0.275414 10.969700 0.253363 -0.259042 0.932043 -0.921700 0.000000 0.000000 0.000000 1.000000
0.968540 0.072396 -0.238096 0.000000 0.000154 0.956575 0.291485 10.969700 0.248859 -0.282351 0.926470 -0.921700 0.000000 0.000000 0.000000 1.000000
0.972230 0.045607 -0.229542 -0.000000 0.026236 0.953405 0.300551 10.969700 0.232554 -0.298226 0.925732 -0.921700 0.000000 0.000000 0.000000 1.000000
0.978653 0.015485 -0.204934 0.000000 0.048226 0.952013 0.302234 10.969700 0.199780 -0.305665 0.930944 -0.921700 0.000000 0.000000 0.000000 1.000000
0.986252 -0.028117 -0.162836 0.000000 0.076423 0.951311 0.298608 10.969700 0.146511 -0.306947 0.940382 -0.921700 0.000000 0.000000 0.000000 1.000000
0.990612 -0.090671 -0.102304 -0.000000 0.117044 0.949212 0.292057 10.969700 0.070627 -0.301290 0.950913 -0.921700 0.000000 0.000000 0.000000 1.000000
0.986956 -0.159400 -0.022569 0.000000 0.159219 0.945729 0.283279 10.969700 -0.023811 -0.283177 0.958772 -0.921700 0.000000 0.000000 0.000000 1.000000
0.973853 -0.216038 0.070263 0.000000 0.190130 0.944357 0.268403 10.969700 -0.124338 -0.248026 0.960741 -0.921700 0.000000 0.000000 0.000000 1.000000
0.954430 -0.251113 0.161261 -0.000000 0.207236 0.946506 0.247345 10.969700 -0.214746 -0.202654 0.955414 -0.921700 0.000000 0.000000 0.000000 1.000000
0.934707 -0.264247 0.237688 0.000000 0.211942 0.951246 0.224078 10.969700 -0.285312 -0.159072 0.945142 -0.921700 0.000000 0.000000 0.000000 1.000000
0.919763 -0.258513 0.295308 0.000000 0.204463 0.957868 0.201701 10.969700 -0.335009 -0.125138 0.933868 -0.921700 0.000000 0.000000 0.000000 1.000000
0.910447 -0.249982 0.329538 -0.000000 0.198225 0.962955 0.182826 10.969700 -0.363033 -0.101130 0.926272 -0.921700 0.000000 0.000000 0.000000 1.000000
0.906955 -0.252131 0.337435 0.000000 0.203930 0.963758 0.171997 10.969700 -0.368572 -0.087180 0.925502 -0.921700 0.000000 0.000000 0.000000 1.000000
0.908554 -0.263948 0.323822 -0.000000 0.220619 0.961368 0.164617 10.969700 -0.354762 -0.078122 0.931687 -0.921700 0.000000 0.000000 0.000000 1.000000
0.915759 -0.274314 0.293491 -0.000000 0.235902 0.958541 0.159840 10.969700 -0.325169 -0.077140 0.942504 -0.921700 0.000000 0.000000 0.000000 1.000000
0.930569 -0.266430 0.251112 0.000000 0.231740 0.959631 0.159391 10.969700 -0.283441 -0.090132 0.954745 -0.921700 0.000000 0.000000 0.000000 1.000000
0.952342 -0.231996 0.198047 -0.000000 0.202533 0.966418 0.158166 10.969700 -0.228090 -0.110517 0.967347 -0.921700 0.000000 0.000000 0.000000 1.000000
0.974598 -0.178531 0.135228 0.000000 0.156860 0.975089 0.156830 10.969700 -0.159858 -0.131635 0.978324 -0.921700 0.000000 0.000000 0.000000 1.000000
0.990323 -0.121506 0.067061 0.000000 0.109358 0.980716 0.161977 10.969700 -0.085449 -0.153076 0.984513 -0.921700 0.000000 0.000000 0.000000 1.000000
0.997379 -0.072226 -0.004239 0.000000 0.071883 0.982606 0.171226 10.969700 -0.008202 -0.171082 0.985223 -0.921700 0.000000 0.000000 0.000000 1.000000
0.996537 -0.036651 -0.074642 0.000000 0.049931 0.981533 0.184659 10.969700 0.066496 -0.187746 0.979964 -0.921700 0.000000 0.000000 0.000000 1.000000
0.990857 -0.017632 -0.133757 0.000000 0.045512 0.976993 0.208358 10.969700 0.127005 -0.212541 0.968863 -0.921700 0.000000 0.000000 0.000000 1.000000
0.985172 -0.005826 -0.171471 -0.000000 0.047022 0.970324 0.237193 10.969700 0.165000 -0.241739 0.956210 -0.921700 0.000000 0.000000 0.000000 1.000000</float_array>
        <technique_common>
          <accessor source="#mixamorig_Spine-Matrix-animation-output-transform-array" count="72" stride="16">
            <param type="float4x4"/>
          </accessor>
        </technique_common>
      </source>
      <source id="mixamorig_Spine-Interpolations">
        <Name_array id="mixamorig_Spine-Interpolations-array" count="72">
 LINEAR LINEAR LINEAR LINEAR LINEAR LINEAR LINEAR LINEAR LINEAR LINEAR LINEAR
LINEAR LINEAR LINEAR LINEAR LINEAR LINEAR LINEAR LINEAR LINEAR LINEAR LINEAR LINEAR
LINEAR LINEAR LINEAR LINEAR LINEAR LINEAR LINEAR LINEAR LINEAR LINEAR LINEAR LINEAR
LINEAR LINEAR LINEAR LINEAR LINEAR LINEAR LINEAR LINEAR LINEAR LINEAR LINEAR LINEAR
LINEAR LINEAR LINEAR LINEAR LINEAR LINEAR LINEAR LINEAR LINEAR LINEAR LINEAR LINEAR
LINEAR LINEAR LINEAR LINEAR LINEAR LINEAR LINEAR LINEAR LINEAR LINEAR LINEAR LINEAR
LINEAR</Name_array>
        <technique_common>
          <accessor source="#mixamorig_Spine-Interpolations-array" count="72">
            <param type="name"/>
          </accessor>
        </technique_common>
      </source>
      <sampler id="mixamorig_Spine-Matrix-animation-transform">
        <input semantic="INPUT" source="#mixamorig_Spine-Matrix-animation-input"/>
        <input semantic="OUTPUT" source="#mixamorig_Spine-Matrix-animation-output-transform"/>
        <input semantic="INTERPOLATION" source="#mixamorig_Spine-Interpolations"/>
      </sampler>
      <channel source="#mixamorig_Spine-Matrix-animation-transform" target="mixamorig_Spine/matrix"/>
    </animation>
    <animation id="mixamorig_Spine1-anim" name="mixamorig_Spine1">
      <source id="mixamorig_Spine1-Matrix-animation-input">
        <float_array id="mixamorig_Spine1-Matrix-animation-input-array" count="72">

0.000000 0.033333 0.066667 0.100000 0.133333 0.166667 0.200000 0.233333 0.266667 0.300000 0.333333 0.366667 0.400000 0.433333 0.466667 0.500000
0.533333 0.566667 0.600000 0.633333 0.666667 0.700000 0.733333 0.766667 0.800000 0.833333 0.866667 0.900000 0.933333 0.966667 1.000000 1.033333
1.066667 1.100000 1.133333 1.166667 1.200000 1.233333 1.266667 1.300000 1.333333 1.366667 1.400000 1.433333 1.466667 1.500000 1.533333 1.566667
1.600000 1.633333 1.666667 1.700000 1.733333 1.766667 1.800000 1.833333 1.866667 1.900000 1.933333 1.966667 2.000000 2.033333 2.066667 2.100000
2.133333 2.166667 2.200000 2.233333 2.266667 2.300000 2.333333 2.366667</float_array>
        <technique_common>
          <accessor source="#mixamorig_Spine1-Matrix-animation-input-array" count="72">
            <param name="TIME" type="float"/>
          </accessor>
        </technique_common>
      </source>
      <source id="mixamorig_Spine1-Matrix-animation-output-transform">
        <float_array id="mixamorig_Spine1-Matrix-animation-output-transform-array" count="1152">

0.999600 0.007608 -0.027241 0.000000 -0.009787 0.996685 -0.080767 12.843100 0.026536 0.081001 0.996361 0.000000 0.000000 0.000000 0.000000 1.000000
0.999155 -0.028626 -0.029508 -0.000000 0.025814 0.995459 -0.091624 12.843100 0.031997 0.090784 0.995356 -0.000000 0.000000 0.000000 0.000000 1.000000
0.998651 -0.044149 -0.027343 0.000000 0.041476 0.994928 -0.091646 12.843100 0.031250 0.090388 0.995416 0.000000 0.000000 0.000000 0.000000 1.000000
0.998805 -0.043773 -0.021760 0.000000 0.041809 0.995613 -0.083709 12.843100 0.025329 0.082699 0.996253 0.000000 0.000000 0.000000 0.000000 1.000000
0.999021 -0.042104 -0.013579 0.000000 0.040972 0.996346 -0.074938 12.843100 0.016684 0.074308 0.997096 0.000000 0.000000 0.000000 0.000000 1.000000
0.999267 -0.037893 -0.005458 -0.000000 0.037427 0.996915 -0.068993 12.843100 0.008055 0.068738 0.997602 0.000000 0.000000 0.000000 0.000000 1.000000
0.998198 -0.059687 -0.006112 0.000000 0.058995 0.994945 -0.081264 12.843100 0.010932 0.080757 0.996674 0.000000 0.000000 0.000000 0.000000 1.000000
0.997530 -0.070113 -0.004300 0.000000 0.069431 0.993419 -0.091095 12.843100 0.010659 0.090571 0.995833 0.000000 0.000000 0.000000 0.000000 1.000000
0.999226 -0.038865 0.006131 0.000000 0.039251 0.995446 -0.086875 12.843100 -0.002727 0.087048 0.996200 0.000000 0.000000 0.000000 0.000000 1.000000
0.999722 0.012872 0.019774 0.000000 -0.011421 0.997353 -0.071810 12.843100 -0.020646 0.071565 0.997222 0.000000 0.000000 0.000000 0.000000 1.000000
0.997476 0.062321 0.034021 0.000000 -0.060511 0.996819 -0.051867 12.843100 -0.037146 0.049678 0.998074 0.000000 0.000000 0.000000 0.000000 1.000000
0.993204 0.106778 0.046313 0.000000 -0.104868 0.993604 -0.041888 12.843100 -0.050490 0.036747 0.998048 -0.000000 0.000000 0.000000 0.000000 1.000000
0.987855 0.145652 0.054115 -0.000000 -0.143062 0.988499 -0.049013 12.843100 -0.060631 0.040676 0.997331 -0.000000 0.000000 0.000000 0.000000 1.000000
0.983365 0.172478 0.056957 0.000000 -0.168928 0.983664 -0.062193 12.843100 -0.066753 0.051537 0.996438 0.000000 0.000000 0.000000 0.000000 1.000000
0.980343 0.189225 0.055874 0.000000 -0.185376 0.980345 -0.067530 12.843100 -0.067554 0.055845 0.996151 0.000000 0.000000 0.000000 0.000000 1.000000
0.978129 0.201563 0.051346 0.000000 -0.198170 0.978054 -0.064329 12.843100 -0.063186 0.052747 0.996607 0.000000 0.000000 0.000000 0.000000 1.000000
0.977990 0.203822 0.044632 0.000000 -0.201195 0.977886 -0.057090 12.843100 -0.055281 0.046854 0.997371 -0.000000 0.000000 0.000000 0.000000 1.000000
0.980602 0.192581 0.036505 0.000000 -0.190795 0.980486 -0.047370 12.843100 -0.044916 0.039486 0.998210 0.000000 0.000000 0.000000 0.000000 1.000000
0.984314 0.174491 0.026045 0.000000 -0.173506 0.984166 -0.036233 12.843100 -0.031955 0.031145 0.999004 -0.000000 0.000000 0.000000 0.000000 1.000000
0.988030 0.153686 0.013331 -0.000000 -0.153263 0.987777 -0.028423 12.843100 -0.017536 0.026040 0.999507 0.000000 0.000000 0.000000 0.000000 1.000000
0.991822 0.127632 0.000005 0.000000 -0.127578 0.991410 -0.028799 12.843100 -0.003681 0.028563 0.999585 0.000000 0.000000 0.000000 0.000000 1.000000
0.995076 0.098472 -0.011232 0.000000 -0.098811 0.994484 -0.035198 12.843100 0.007704 0.036135 0.999317 0.000000 0.000000 0.000000 0.000000 1.000000
0.997510 0.067963 -0.018834 0.000000 -0.068703 0.996757 -0.041894 12.843100 0.015926 0.043084 0.998945 0.000000 0.000000 0.000000 0.000000 1.000000
0.999296 0.028052 -0.024901 0.000000 -0.029300 0.998254 -0.051286 12.843100 0.023419 0.051980 0.998373 0.000000 0.000000 0.000000 0.000000 1.000000
0.999167 -0.026778 -0.030807 0.000000 0.024596 0.997303 -0.069151 12.843100 0.032576 0.068335 0.997130 0.000000 0.000000 0.000000 0.000000 1.000000
0.996031 -0.082138 -0.034279 0.000000 0.078992 0.993263 -0.084793 12.843100 0.041012 0.081748 0.995809 0.000000 0.000000 0.000000 0.000000 1.000000
0.992756 -0.115393 -0.033459 0.000000 0.112130 0.989885 -0.086920 12.843100 0.043151 0.082539 0.995653 0.000000 0.000000 0.000000 0.000000 1.000000
0.991994 -0.123376 -0.026948 -0.000000 0.120667 0.988970 -0.085892 12.843100 0.037248 0.081952 0.995940 -0.000000 0.000000 0.000000 0.000000 1.000000
0.992945 -0.117496 -0.015950 0.000000 0.115603 0.989194 -0.090175 12.843100 0.026373 0.087695 0.995798 0.000000 0.000000 0.000000 0.000000 1.000000
0.994785 -0.101948 -0.003083 0.000000 0.101188 0.990264 -0.095592 12.843100 0.012798 0.094781 0.995416 0.000000 0.000000 0.000000 0.000000 1.000000
0.997365 -0.071669 0.011251 0.000000 0.072435 0.992383 -0.099648 12.843100 -0.004024 0.100200 0.994959 -0.000000 0.000000 0.000000 0.000000 1.000000
0.999085 -0.033872 0.026122 0.000000 0.036289 0.994482 -0.098426 12.843100 -0.022644 0.099284 0.994801 0.000000 0.000000 0.000000 0.000000 1.000000
0.999200 0.001662 0.039961 0.000000 0.001974 0.995870 -0.090770 12.843100 -0.039947 0.090776 0.995070 0.000000 0.000000 0.000000 0.000000 1.000000
0.997848 0.038450 0.053120 -0.000000 -0.034044 0.996092 -0.081496 12.843100 -0.056046 0.079512 0.995257 0.000000 0.000000 0.000000 0.000000 1.000000
0.994758 0.077995 0.066137 0.000000 -0.073182 0.994694 -0.072309 12.843100 -0.071426 0.067090 0.995187 0.000000 0.000000 0.000000 0.000000 1.000000
0.990667 0.112777 0.076550 0.000000 -0.107649 0.991854 -0.068103 12.843100 -0.083607 0.059227 0.994737 -0.000000 0.000000 0.000000 0.000000 1.000000
0.986690 0.141009 0.080986 0.000000 -0.135131 0.988061 -0.073995 12.843100 -0.090453 0.062066 0.993965 0.000000 0.000000 0.000000 0.000000 1.000000
0.982533 0.167961 0.080109 0.000000 -0.161423 0.983461 -0.082140 12.843100 -0.092580 0.067774 0.993396 -0.000000 0.000000 0.000000 0.000000 1.000000
0.978348 0.192543 0.075904 0.000000 -0.186193 0.978965 -0.083423 12.843100 -0.090369 0.067484 0.993619 0.000000 0.000000 0.000000 0.000000 1.000000
0.975255 0.210227 0.068427 -0.000000 -0.204503 0.975418 -0.082083 12.843100 -0.084001 0.066058 0.994274 0.000000 0.000000 0.000000 0.000000 1.000000
0.974935 0.214798 0.058000 0.000000 -0.209802 0.974323 -0.081722 12.843100 -0.074065 0.067505 0.994966 0.000000 0.000000 0.000000 0.000000 1.000000
0.977512 0.205782 0.046096 -0.000000 -0.202041 0.976511 -0.074868 12.843100 -0.060420 0.063871 0.996127 0.000000 0.000000 0.000000 0.000000 1.000000
0.982197 0.184927 0.033038 0.000000 -0.182692 0.981262 -0.061219 12.843100 -0.043740 0.054093 0.997577 0.000000 0.000000 0.000000 0.000000 1.000000
0.988135 0.152589 0.017493 0.000000 -0.151520 0.987115 -0.051444 12.843100 -0.025117 0.048183 0.998523 0.000000 0.000000 0.000000 0.000000 1.000000
0.993549 0.113400 -0.000437 -0.000000 -0.113271 0.992221 -0.051642 12.843100 -0.005423 0.051359 0.998666 0.000000 0.000000 0.000000 0.000000 1.000000
0.997383 0.070077 -0.017808 0.000000 -0.070992 0.995824 -0.057392 12.843100 0.013712 0.058506 0.998193 0.000000 0.000000 0.000000 0.000000 1.000000
0.999226 0.024237 -0.030968 -0.000000 -0.026192 0.997581 -0.064390 12.843100 0.029333 0.065151 0.997444 0.000000 0.000000 0.000000 0.000000 1.000000
0.999068 -0.019199 -0.038662 0.000000 0.016346 0.997213 -0.072799 12.843100 0.039952 0.072100 0.996597 0.000000 0.000000 0.000000 0.000000 1.000000
0.997517 -0.056630 -0.041870 -0.000000 0.053029 0.995170 -0.082606 12.843100 0.046346 0.080181 0.995702 -0.000000 0.000000 0.000000 0.000000 1.000000
0.995555 -0.084399 -0.041798 -0.000000 0.080208 0.992389 -0.093444 12.843100 0.049366 0.089676 0.994747 0.000000 0.000000 0.000000 0.000000 1.000000
0.994017 -0.101781 -0.039625 0.000000 0.097135 0.989675 -0.105399 12.843100 0.049944 0.100920 0.993640 0.000000 0.000000 0.000000 0.000000 1.000000
0.992908 -0.113385 -0.035742 0.000000 0.108687 0.987567 -0.113574 12.843100 0.048175 0.108883 0.992886 -0.000000 0.000000 0.000000 0.000000 1.000000
0.992474 -0.118763 -0.029856 0.000000 0.114616 0.986730 -0.115010 12.843100 0.043118 0.110722 0.992916 -0.000000 0.000000 0.000000 0.000000 1.000000
0.993352 -0.113121 -0.021340 0.000000 0.110057 0.987586 -0.112076 12.843100 0.033754 0.108982 0.993470 0.000000 0.000000 0.000000 0.000000 1.000000
0.995389 -0.095442 -0.009606 0.000000 0.093889 0.989890 -0.106310 12.843100 0.019655 0.104918 0.994287 0.000000 0.000000 0.000000 0.000000 1.000000
0.997656 -0.068264 0.004851 0.000000 0.068415 0.993097 -0.095275 12.843100 0.001686 0.095383 0.995439 0.000000 0.000000 0.000000 0.000000 1.000000
0.999167 -0.035236 0.020597 0.000000 0.036754 0.996221 -0.078694 12.843100 -0.017747 0.079386 0.996686 0.000000 0.000000 0.000000 0.000000 1.000000
0.999350 -0.004546 0.035767 -0.000000 0.006759 0.998054 -0.061982 12.843100 -0.035415 0.062183 0.997436 0.000000 0.000000 0.000000 0.000000 1.000000
0.998623 0.019838 0.048563 0.000000 -0.017462 0.998653 -0.048868 12.843100 -0.049467 0.047953 0.997624 0.000000 0.000000 0.000000 0.000000 1.000000
0.997226 0.045997 0.058518 -0.000000 -0.043717 0.998257 -0.039656 12.843100 -0.060240 0.036987 0.997498 0.000000 0.000000 0.000000 0.000000 1.000000
0.994427 0.082641 0.065460 0.000000 -0.080370 0.996093 -0.036603 12.843100 -0.068230 0.031138 0.997184 0.000000 0.000000 0.000000 0.000000 1.000000
0.989312 0.128644 0.068651 -0.000000 -0.126155 0.991226 -0.039452 12.843100 -0.073124 0.030369 0.996860 0.000000 0.000000 0.000000 0.000000 1.000000
0.982001 0.176075 0.068352 0.000000 -0.173505 0.983941 -0.041918 12.843100 -0.074635 0.029304 0.996780 0.000000 0.000000 0.000000 0.000000 1.000000
0.974943 0.212816 0.064768 0.000000 -0.210272 0.976656 -0.043919 12.843100 -0.072603 0.029200 0.996933 0.000000 0.000000 0.000000 0.000000 1.000000
0.971912 0.228119 0.057868 0.000000 -0.225656 0.973115 -0.046112 12.843100 -0.066831 0.031758 0.997259 -0.000000 0.000000 0.000000 0.000000 1.000000
0.974225 0.220418 0.047970 0.000000 -0.218289 0.974804 -0.045898 12.843100 -0.056878 0.034244 0.997794 0.000000 0.000000 0.000000 0.000000 1.000000
0.979828 0.196652 0.035570 0.000000 -0.195071 0.979823 -0.043529 12.843100 -0.043413 0.035712 0.998419 0.000000 0.000000 0.000000 0.000000 1.000000
0.986185 0.164245 0.021509 -0.000000 -0.163224 0.985659 -0.042830 12.843100 -0.028235 0.038728 0.998851 0.000000 0.000000 0.000000 0.000000 1.000000
0.992165 0.124766 0.006528 0.000000 -0.124340 0.991178 -0.045884 12.843100 -0.012195 0.044713 0.998925 0.000000 0.000000 0.000000 0.000000 1.000000
0.996621 0.081727 -0.008140 0.000000 -0.082046 0.995211 -0.053137 12.843100 0.003758 0.053625 0.998554 0.000000 0.000000 0.000000 0.000000 1.000000
0.998824 0.044176 -0.019994 0.000000 -0.045402 0.996804 -0.065735 12.843100 0.017026 0.066565 0.997637 0.000000 0.000000 0.000000 0.000000 1.000000
0.999600 0.007608 -0.027241 0.000000 -0.009787 0.996685 -0.080767 12.843100 0.026536 0.081001 0.996361 0.000000 0.000000 0.000000 0.000000 1.000000</float_array>
        <technique_common>
          <accessor source="#mixamorig_Spine1-Matrix-animation-output-transform-array" count="72" stride="16">
            <param type="float4x4"/>
          </accessor>
        </technique_common>
      </source>
      <source id="mixamorig_Spine1-Interpolations">
        <Name_array id="mixamorig_Spine1-Interpolations-array" count="72">
