<?xml version="1.0" encoding="utf-8"?>
<COLLADA xmlns="http://www.collada.org/2005/11/COLLADASchema" version="1.4.1">
  <asset>
    <contributor>
      <author>Mixamo</author>
      <authoring_tool>COLLADA Mixamo exporter</authoring_tool>
      <comments/>
    </contributor>
    <created>2022-11-25T19:34:46Z</created>
    <modified>2022-11-25T19:34:46Z</modified>
    <revision/>
    <title/>
    <unit meter="0.010000"/>
    <up_axis>Y_UP</up_axis>
  </asset>
  <library_animations>
    <animation id="mixamorig_Hips-anim" name="mixamorig_Hips">
      <source id="mixamorig_Hips-Matrix-animation-input">
        <float_array id="mixamorig_Hips-Matrix-animation-input-array" count="72">

0.000000 0.033333 0.066667 0.100000 0.133333 0.166667 0.200000 0.233333 0.266667 0.300000 0.333333 0.366667 0.400000 0.433333 0.466667 0.500000
0.533333 0.566667 0.600000 0.633333 0.666667 0.700000 0.733333 0.766667 0.800000 0.833333 0.866667 0.900000 0.933333 0.966667 1.000000 1.033333
1.066667 1.100000 1.133333 1.166667 1.200000 1.233333 1.266667 1.300000 1.333333 1.366667 1.400000 1.433333 1.466667 1.500000 1.533333 1.566667
1.600000 1.633333 1.666667 1.700000 1.733333 1.766667 1.800000 1.833333 1.866667 1.900000 1.933333 1.966667 2.000000 2.033333 2.066667 2.100000
2.133333 2.166667 2.200000 2.233333 2.266667 2.300000 2.333333 2.366667</float_array>
        <technique_common>
          <accessor source="#mixamorig_Hips-Matrix-animation-input-array" count="72">
            <param name="TIME" type="float"/>
          </accessor>
        </technique_common>
      </source>
      <source id="mixamorig_Hips-Matrix-animation-output-transform">
        <float_array id="mixamorig_Hips-Matrix-animation-output-transform-array" count="1152">

0.959327 0.036076 0.279982 1.013987 -0.015757 0.997098 -0.074485 99.166229 -0.281857 0.067044 0.957111 1.141035 0.000000 0.000000 0.000000 1.000000
0.940489 0.080320 0.330195 1.325441 -0.051180 0.994062 -0.096029 99.135185 -0.335947 0.073415 0.939015 1.303132 0.000000 0.000000 0.000000 1.000000
0.928820 0.122998 0.349522 1.450465 -0.087325 0.989390 -0.116111 98.883781 -0.360094 0.077324 0.929706 1.452423 0.000000 0.000000 0.000000 1.000000
0.928908 0.159504 0.334198 1.423054 -0.121888 0.983888 -0.130795 98.267982 -0.349676 0.080762 0.933383 1.617111 0.000000 0.000000 0.000000 1.000000
0.940628 0.180802 0.287281 1.443189 -0.145811 0.979495 -0.139031 98.044510 -0.306527 0.088888 0.947703 1.824823 0.000000 0.000000 0.000000 1.000000
0.955166 0.199148 0.219085 1.772295 -0.171274 0.975256 -0.139788 97.917763 -0.241502 0.095997 0.965640 2.071369 0.000000 0.000000 0.000000 1.000000
0.971665 0.201494 0.123559 2.282518 -0.185457 0.974021 -0.129958 97.833252 -0.146535 0.103361 0.983791 2.353495 0.000000 0.000000 0.000000 1.000000
0.980420 0.194709 0.029407 2.927758 -0.190117 0.974856 -0.116239 97.598473 -0.051301 0.108372 0.992786 2.556709 0.000000 0.000000 0.000000 1.000000
0.984013 0.170679 -0.050872 3.913437 -0.174934 0.979870 -0.096189 97.382416 0.033431 0.103551 0.994062 2.615960 0.000000 0.000000 0.000000 1.000000
0.985771 0.123007 -0.114565 5.362215 -0.132174 0.988296 -0.076168 97.067268 0.103855 0.090227 0.990491 2.653270 0.000000 0.000000 0.000000 1.000000
0.987409 0.051146 -0.149689 7.115407 -0.061332 0.996048 -0.064240 96.381859 0.145812 0.072611 0.986644 2.672575 0.000000 0.000000 0.000000 1.000000
0.987651 -0.032645 -0.153234 9.033953 0.024019 0.998039 -0.057807 95.679695 0.154821 0.053412 0.986498 2.683950 0.000000 0.000000 0.000000 1.000000
0.984602 -0.112030 -0.134197 10.895932 0.106022 0.993048 -0.051137 95.140732 0.138993 0.036122 0.989634 2.747355 0.000000 0.000000 0.000000 1.000000
0.978817 -0.177982 -0.101188 12.385470 0.174192 0.983674 -0.045201 94.774506 0.107581 0.026617 0.993840 2.912178 0.000000 0.000000 0.000000 1.000000
0.972063 -0.229543 -0.049025 13.355717 0.227956 0.973009 -0.035909 94.523315 0.055945 0.023730 0.998152 3.083103 0.000000 0.000000 0.000000 1.000000
0.962197 -0.270995 0.027185 13.797338 0.271459 0.962332 -0.015078 94.366226 -0.022075 0.021888 0.999517 3.172485 0.000000 0.000000 0.000000 1.000000
0.946729 -0.300945 0.114618 13.709754 0.301268 0.953423 0.014906 94.194351 -0.113765 0.020419 0.993298 3.178904 0.000000 0.000000 0.000000 1.000000
0.926968 -0.314916 0.203857 13.194054 0.312442 0.948867 0.045078 94.003288 -0.207629 0.021908 0.977962 3.131287 0.000000 0.000000 0.000000 1.000000
0.901679 -0.310828 0.300601 12.394324 0.304075 0.950052 0.070278 93.792938 -0.307431 0.028037 0.951157 2.968022 0.000000 0.000000 0.000000 1.000000
0.870814 -0.285094 0.400506 11.396814 0.273888 0.957878 0.086339 93.610130 -0.408251 0.034509 0.912217 2.724709 0.000000 0.000000 0.000000 1.000000
0.840940 -0.239173 0.485403 10.222490 0.224563 0.970378 0.089089 93.455994 -0.492333 0.034085 0.869739 2.499496 0.000000 0.000000 0.000000 1.000000
0.821334 -0.179049 0.541619 8.849391 0.166424 0.983370 0.072711 93.387817 -0.545631 0.030418 0.837473 2.287979 0.000000 0.000000 0.000000 1.000000
0.816886 -0.101739 0.567755 7.275384 0.101137 0.994336 0.032665 93.527077 -0.567863 0.030738 0.822549 2.094153 0.000000 0.000000 0.000000 1.000000
0.820709 -0.008454 0.571284 5.563155 0.025070 0.999460 -0.021225 93.968796 -0.570796 0.031742 0.820478 1.987274 0.000000 0.000000 0.000000 1.000000
0.821816 0.081691 0.563866 3.869120 -0.052223 0.996302 -0.068227 94.729462 -0.567354 0.026623 0.823043 1.910708 0.000000 0.000000 0.000000 1.000000
0.819938 0.146255 0.553454 2.320970 -0.113202 0.989146 -0.093682 95.543274 -0.561148 0.014161 0.827594 1.733828 0.000000 0.000000 0.000000 1.000000
0.826406 0.182543 0.532665 1.017530 -0.151150 0.983189 -0.102434 96.184326 -0.542409 0.004140 0.840104 1.523809 0.000000 0.000000 0.000000 1.000000
0.851898 0.198936 0.484452 -0.028934 -0.169474 0.979989 -0.104407 96.625275 -0.495527 0.006842 0.868565 1.407743 0.000000 0.000000 0.000000 1.000000
0.893110 0.201300 0.402285 -0.786637 -0.175979 0.979365 -0.099377 96.895531 -0.413989 0.017961 0.910105 1.346769 0.000000 0.000000 0.000000 1.000000
0.934530 0.198531 0.295364 -1.178004 -0.180469 0.979681 -0.087495 97.226158 -0.306733 0.028463 0.951370 1.343341 0.000000 0.000000 0.000000 1.000000
0.965123 0.193731 0.176085 -1.318727 -0.184115 0.980441 -0.069555 97.559502 -0.186116 0.034709 0.981915 1.430673 0.000000 0.000000 0.000000 1.000000
0.982423 0.179089 0.052648 -1.465592 -0.177294 0.983461 -0.037025 97.893555 -0.058408 0.027040 0.997926 1.622574 0.000000 0.000000 0.000000 1.000000
0.985224 0.158170 -0.065693 -1.704833 -0.158665 0.987330 -0.002358 98.182266 0.064488 0.012747 0.997837 1.784115 0.000000 0.000000 0.000000 1.000000
0.975297 0.137088 -0.173213 -1.968282 -0.137022 0.990490 0.012400 98.350365 0.173266 0.011641 0.984806 1.851244 0.000000 0.000000 0.000000 1.000000
0.956954 0.109865 -0.268643 -2.291819 -0.110561 0.993790 0.012582 98.447144 0.268357 0.017661 0.963158 1.891630 0.000000 0.000000 0.000000 1.000000
0.934939 0.070881 -0.347655 -2.639547 -0.074153 0.997239 0.003903 98.275208 0.346972 0.022131 0.937614 1.849699 0.000000 0.000000 0.000000 1.000000
0.915763 0.024147 -0.400993 -2.861358 -0.033189 0.999327 -0.015617 98.133400 0.400346 0.027610 0.915948 1.637526 0.000000 0.000000 0.000000 1.000000
0.905397 -0.019162 -0.424133 -2.783025 0.004004 0.999322 -0.036602 98.143723 0.424547 0.031441 0.904860 1.257591 0.000000 0.000000 0.000000 1.000000
0.909015 -0.055687 -0.413026 -2.499158 0.039457 0.998081 -0.047730 98.077431 0.414891 0.027091 0.909468 0.764576 0.000000 0.000000 0.000000 1.000000
0.927158 -0.087587 -0.364289 -2.260967 0.074978 0.995998 -0.048641 97.977325 0.367091 0.017784 0.930015 0.185022 0.000000 0.000000 0.000000 1.000000
0.951636 -0.114496 -0.285097 -2.231019 0.106115 0.993347 -0.044727 97.851959 0.288322 0.012310 0.957455 -0.349910 0.000000 0.000000 0.000000 1.000000
0.973663 -0.129360 -0.187741 -2.402460 0.124439 0.991506 -0.037816 97.635849 0.191038 0.013458 0.981490 -0.688318 0.000000 0.000000 0.000000 1.000000
0.987924 -0.128924 -0.085933 -2.832380 0.126874 0.991497 -0.028921 97.253090 0.088931 0.017669 0.995881 -0.791528 0.000000 0.000000 0.000000 1.000000
0.993101 -0.116690 0.011540 -3.603268 0.116948 0.992823 -0.025019 96.799141 -0.008537 0.026196 0.999620 -0.670763 0.000000 0.000000 0.000000 1.000000
0.990752 -0.092100 0.099642 -4.664692 0.095554 0.994958 -0.030450 96.449791 -0.096335 0.039690 0.994557 -0.353778 0.000000 0.000000 0.000000 1.000000
0.984559 -0.051389 0.167340 -5.896454 0.059326 0.997322 -0.042775 96.212112 -0.164694 0.052042 0.984971 0.053829 0.000000 0.000000 0.000000 1.000000
0.980175 0.004505 0.198082 -7.223862 0.007506 0.998179 -0.059848 95.964844 -0.197991 0.060148 0.978357 0.391111 0.000000 0.000000 0.000000 1.000000
0.980826 0.068215 0.182558 -8.595333 -0.054472 0.995364 -0.079272 95.732208 -0.187119 0.067808 0.979994 0.597894 0.000000 0.000000 0.000000 1.000000
0.983048 0.130323 0.128970 -9.881177 -0.118593 0.988405 -0.094820 95.640213 -0.139832 0.077918 0.987105 0.727815 0.000000 0.000000 0.000000 1.000000
0.980866 0.185270 0.059806 -10.976317 -0.178763 0.978773 -0.100238 95.711105 -0.077107 0.087629 0.993164 0.849689 0.000000 0.000000 0.000000 1.000000
0.973141 0.230110 -0.006812 -11.878518 -0.229698 0.968574 -0.095409 95.741585 -0.015357 0.094412 0.995415 0.988342 0.000000 0.000000 0.000000 1.000000
0.962389 0.261531 -0.073547 -12.593710 -0.267250 0.960024 -0.083250 95.491066 0.048834 0.099774 0.993811 1.091833 0.000000 0.000000 0.000000 1.000000
0.948998 0.278127 -0.148488 -12.982249 -0.289945 0.954865 -0.064540 95.268120 0.123836 0.104302 0.986806 1.166530 0.000000 0.000000 0.000000 1.000000
0.930187 0.282631 -0.234248 -12.995887 -0.299804 0.953141 -0.040501 95.110733 0.211824 0.107902 0.971333 1.229928 0.000000 0.000000 0.000000 1.000000
0.901711 0.278192 -0.330947 -12.622589 -0.299518 0.953985 -0.014165 94.987366 0.311778 0.111897 0.943543 1.302154 0.000000 0.000000 0.000000 1.000000
0.863861 0.260196 -0.431326 -11.872601 -0.284213 0.958718 0.009121 94.886635 0.415893 0.114709 0.902150 1.417948 0.000000 0.000000 0.000000 1.000000
0.822196 0.227119 -0.521930 -10.788960 -0.250832 0.967683 0.025952 94.798325 0.510957 0.109579 0.852594 1.566071 0.000000 0.000000 0.000000 1.000000
0.781342 0.185611 -0.595863 -9.438704 -0.206683 0.977832 0.033576 94.715256 0.588886 0.096921 0.802384 1.674281 0.000000 0.000000 0.000000 1.000000
0.748071 0.139171 -0.648862 -7.876615 -0.158833 0.986892 0.028555 94.699226 0.644331 0.081699 0.760370 1.687284 0.000000 0.000000 0.000000 1.000000
0.732668 0.084143 -0.675365 -6.292677 -0.104302 0.994488 0.010749 94.725800 0.672546 0.062566 0.737405 1.609364 0.000000 0.000000 0.000000 1.000000
0.736758 0.023337 -0.675753 -4.693765 -0.045327 0.998861 -0.014924 94.915665 0.674635 0.041625 0.736977 1.409068 0.000000 0.000000 0.000000 1.000000
0.755795 -0.033693 -0.653941 -3.214724 0.009268 0.999126 -0.040766 95.343925 0.654743 0.024750 0.755447 1.154054 0.000000 0.000000 0.000000 1.000000
0.786912 -0.078154 -0.612096 -1.991518 0.052439 0.996828 -0.059861 95.881699 0.614833 0.015008 0.788514 0.904852 0.000000 0.000000 0.000000 1.000000
0.828419 -0.106710 -0.549849 -1.109804 0.082283 0.994219 -0.068980 96.438507 0.554032 0.011902 0.832411 0.642118 0.000000 0.000000 0.000000 1.000000
0.876540 -0.120615 -0.465971 -0.637583 0.100107 0.992608 -0.068621 97.010345 0.470803 0.013502 0.882135 0.408395 0.000000 0.000000 0.000000 1.000000
0.924504 -0.124509 -0.360264 -0.461379 0.109814 0.992075 -0.061062 97.687561 0.365011 0.016890 0.930850 0.266124 0.000000 0.000000 0.000000 1.000000
0.963311 -0.121464 -0.239330 -0.410084 0.111915 0.992296 -0.053143 98.374397 0.243941 0.024409 0.969483 0.210498 0.000000 0.000000 0.000000 1.000000
0.987220 -0.110345 -0.114982 -0.338723 0.105161 0.993186 -0.050235 98.933220 0.119741 0.037501 0.992097 0.252076 0.000000 0.000000 0.000000 1.000000
0.996180 -0.087244 0.003829 -0.156780 0.087327 0.994996 -0.048542 99.302338 0.000425 0.048691 0.998814 0.452875 0.000000 0.000000 0.000000 1.000000
0.992360 -0.052201 0.111787 0.162530 0.057944 0.997129 -0.048753 99.439224 -0.108921 0.054858 0.992536 0.684188 0.000000 0.000000 0.000000 1.000000
0.978700 -0.008899 0.205104 0.586300 0.021135 0.998119 -0.057547 99.338470 -0.204207 0.060656 0.977047 0.930282 0.000000 0.000000 0.000000 1.000000
0.959327 0.036076 0.279982 1.013987 -0.015757 0.997098 -0.074485 99.166229 -0.281857 0.067044 0.957111 1.141035 0.000000 0.000000 0.000000 1.000000</float_array>
        <technique_common>
          <accessor source="#mixamorig_Hips-Matrix-animation-output-transform-array" count="72" stride="16">
            <param type="float4x4"/>
          </accessor>
        </technique_common>
      </source>
      <source id="mixamorig_Hips-Interpolations">
        <Name_array id="mixamorig_Hips-Interpolations-array" count="72">
 LINEAR LINEAR LINEAR LINEAR LINEAR LINEAR LINEAR LINEAR LINEAR LINEAR LINEAR
LINEAR LINEAR LINEAR LINEAR LINEAR LINEAR LINEAR LINEAR LINEAR LINEAR LINEAR LINEAR
LINEAR LINEAR LINEAR LINEAR LINEAR LINEAR LINEAR LINEAR LINEAR LINEAR LINEAR LINEAR
LINEAR LINEAR LINEAR LINEAR LINEAR LINEAR LINEAR LINEAR LINEAR LINEAR LINEAR LINEAR
LINEAR LINEAR LINEAR LINEAR LINEAR LINEAR LINEAR LINEAR LINEAR LINEAR LINEAR LINEAR
LINEAR LINEAR LINEAR LINEAR LINEAR LINEAR LINEAR LINEAR LINEAR LINEAR LINEAR LINEAR
LINEAR</Name_array>
        <technique_common>
          <accessor source="#mixamorig_Hips-Interpolations-array" count="72">
            <param type="name"/>
          </accessor>
        </technique_common>
      </source>
      <sampler id="mixamorig_Hips-Matrix-animation-transform">
        <input semantic="INPUT" source="#mixamorig_Hips-Matrix-animation-input"/>
        <input semantic="OUTPUT" source="#mixamorig_Hips-Matrix-animation-output-transform"/>
        <input semantic="INTERPOLATION" source="#mixamorig_Hips-Interpolations"/>
      </sampler>
      <channel source="#mixamorig_Hips-Matrix-animation-transform" target="mixamorig_Hips/matrix"/>
    </animation>
    <animation id="mixamorig_Spine-anim" name="mixamorig_Spine">
      <source id="mixamorig_Spine-Matrix-animation-input">
        <float_array id="mixamorig_Spine-Matrix-animation-input-array" count="72">

0.000000 0.033333 0.066667 0.100000 0.133333 0.166667 0.200000 0.233333 0.266667 0.300000 0.333333 0.366667 0.400000 0.433333 0.466667 0.500000
0.533333 0.566667 0.600000 0.633333 0.666667 0.700000 0.733333 0.766667 0.800000 0.833333 0.866667 0.900000 0.933333 0.966667 1.000000 1.033333
1.066667 1.100000 1.133333 1.166667 1.200000 1.233333 1.266667 1.300000 1.333333 1.366667 1.400000 1.433333 1.466667 1.500000 1.533333 1.566667
1.600000 1.633333 1.666667 1.700000 1.733333 1.766667 1.800000 1.833333 1.866667 1.900000 1.933333 1.966667 2.000000 2.033333 2.066667 2.100000
2.133333 2.166667 2.200000 2.233333 2.266667 2.300000 2.333333 2.366667</float_array>
        <technique_common>
          <accessor source="#mixamorig_Spine-Matrix-animation-input-array" count="72">
            <param name="TIME" type="float"/>
          </accessor>
        </technique_common>
      </source>
      <source id="mixamorig_Spine-Matrix-animation-output-transform">
        <float_array id="mixamorig_Spine-Matrix-animation-output-transform-array" count="1152">

0.985257 0.001583 -0.171075 0.000000 0.045342 0.961784 0.270030 9.527200 0.164965 -0.273806 0.947532 -1.123700 0.000000 0.000000 0.000000 1.000000
0.982512 0.004549 -0.186145 0.000000 0.051289 0.954416 0.294039 9.527200 0.178997 -0.298444 0.937492 -1.123700 0.000000 0.000000 0.000000 1.000000
0.983106 -0.018800 -0.182069 -0.000000 0.074814 0.949097 0.305970 9.527200 0.167049 -0.314422 0.934470 -1.123700 0.000000 0.000000 0.000000 1.000000
0.986155 -0.055240 -0.156355 -0.000000 0.102414 0.944458 0.312266 9.527200 0.130421 -0.323956 0.937040 -1.123700 0.000000 0.000000 0.000000 1.000000
0.989913 -0.084583 -0.113659 0.000000 0.117170 0.939755 0.321141 9.527200 0.079648 -0.331219 0.940186 -1.123700 0.000000 0.000000 0.000000 1.000000
0.988462 -0.129832 -0.078020 0.000000 0.148463 0.932566 0.329057 9.527200 0.030037 -0.336844 0.941081 -1.123700 0.000000 0.000000 0.000000 1.000000
0.986963 -0.136406 -0.085420 0.000000 0.157246 0.930399 0.331107 9.527200 0.034310 -0.340223 0.939719 -1.123700 0.000000 0.000000 0.000000 1.000000
0.985784 -0.149044 -0.077563 -0.000000 0.166454 0.929163 0.330075 9.527200 0.022873 -0.338294 0.940763 -1.123700 0.000000 0.000000 0.000000 1.000000
0.979877 -0.197893 -0.026082 -0.000000 0.195479 0.924969 0.325914 9.527200 -0.040371 -0.324454 0.945040 -1.123700 0.000000 0.000000 0.000000 1.000000
0.967417 -0.248432 0.048842 0.000000 0.222346 0.925885 0.305449 9.527200 -0.121106 -0.284636 0.950955 -1.123700 0.000000 0.000000 0.000000 1.000000
0.955486 -0.263049 0.133613 0.000000 0.220527 0.937593 0.268861 9.527200 -0.195998 -0.227428 0.953866 -1.123700 0.000000 0.000000 0.000000 1.000000
0.946440 -0.250233 0.204044 0.000000 0.202035 0.951920 0.230284 9.527200 -0.251858 -0.176726 0.951491 -1.123700 0.000000 0.000000 0.000000 1.000000
0.940529 -0.232877 0.247333 0.000000 0.183129 0.960780 0.208244 9.527200 -0.286128 -0.150566 0.946288 -1.123700 0.000000 0.000000 0.000000 1.000000
0.939823 -0.210014 0.269495 0.000000 0.157036 0.966042 0.205187 9.527200 -0.303436 -0.150519 0.940888 -1.123700 0.000000 0.000000 0.000000 1.000000
0.946245 -0.175363 0.271787 -0.000000 0.121954 0.971688 0.202361 9.527200 -0.299579 -0.158338 0.940841 -1.123700 0.000000 0.000000 0.000000 1.000000
0.960123 -0.124975 0.250088 0.000000 0.079141 0.979431 0.185611 9.527200 -0.268141 -0.158417 0.950265 -1.123700 0.000000 0.000000 0.000000 1.000000
0.975437 -0.059532 0.212082 0.000000 0.025874 0.987088 0.158075 9.527200 -0.218754 -0.148705 0.964382 -1.123700 0.000000 0.000000 0.000000 1.000000
0.986374 0.010663 0.164170 0.000000 -0.032083 0.991205 0.128386 9.527200 -0.161357 -0.131903 0.978042 -1.123700 0.000000 0.000000 0.000000 1.000000
0.992364 0.071398 0.100574 0.000000 -0.081745 0.991335 0.102821 9.527200 -0.092361 -0.110257 0.989602 -1.123700 0.000000 0.000000 0.000000 1.000000
0.993820 0.107994 0.025686 0.000000 -0.109865 0.990008 0.088394 9.527200 -0.015884 -0.090669 0.995754 -1.123700 0.000000 0.000000 0.000000 1.000000
0.991808 0.120127 -0.043437 0.000000 -0.115935 0.989285 0.088735 9.527200 0.053631 -0.082973 0.995108 -1.123700 0.000000 0.000000 0.000000 1.000000
0.988552 0.118832 -0.092970 0.000000 -0.108914 0.988454 0.105341 9.527200 0.104415 -0.094009 0.990081 -1.123700 0.000000 0.000000 0.000000 1.000000
0.986837 0.107499 -0.120813 0.000000 -0.090306 0.986060 0.139750 9.527200 0.134152 -0.127001 0.982789 -1.123700 0.000000 0.000000 0.000000 1.000000
0.985679 0.093348 -0.140441 -0.000000 -0.065971 0.979894 0.188297 9.527200 0.155195 -0.176335 0.972019 -1.123700 0.000000 0.000000 0.000000 1.000000
0.982271 0.093682 -0.162381 0.000000 -0.053533 0.970288 0.235958 9.527200 0.179661 -0.223082 0.958100 -1.123700 0.000000 0.000000 0.000000 1.000000
0.978289 0.108735 -0.176432 0.000000 -0.061035 0.964714 0.256127 9.527200 0.198056 -0.239798 0.950406 -1.123700 0.000000 0.000000 0.000000 1.000000
0.978965 0.118237 -0.166278 0.000000 -0.073737 0.964913 0.252002 9.527200 0.190240 -0.234441 0.953334 -1.123700 0.000000 0.000000 0.000000 1.000000
0.985412 0.114451 -0.125954 0.000000 -0.079298 0.963624 0.255227 9.527200 0.150584 -0.241515 0.958642 -1.123700 0.000000 0.000000 0.000000 1.000000
0.993356 0.094164 -0.066156 -0.000000 -0.072980 0.959942 0.270527 9.527200 0.088980 -0.263902 0.960437 -1.123700 0.000000 0.000000 0.000000 1.000000
0.998813 0.048662 -0.002209 0.000000 -0.046016 0.957445 0.284925 9.527200 0.015980 -0.284486 0.958547 -1.123700 0.000000 0.000000 0.000000 1.000000
0.997684 -0.024051 0.063625 0.000000 0.004371 0.956136 0.292890 9.527200 -0.067878 -0.291933 0.954027 -1.123700 0.000000 0.000000 0.000000 1.000000
0.986110 -0.095143 0.136144 0.000000 0.054431 0.959527 0.276307 9.527200 -0.156923 -0.265059 0.951378 -1.123700 0.000000 0.000000 0.000000 1.000000
0.967377 -0.144757 0.207909 0.000000 0.092620 0.965948 0.241592 9.527200 -0.235802 -0.214454 0.947843 -1.123700 0.000000 0.000000 0.000000 1.000000
0.943781 -0.186247 0.273110 0.000000 0.127091 0.967110 0.220334 9.527200 -0.305164 -0.173237 0.936410 -1.123700 0.000000 0.000000 0.000000 1.000000
0.916256 -0.217615 0.336332 0.000000 0.152842 0.965978 0.208629 9.527200 -0.370290 -0.139752 0.918343 -1.123700 0.000000 0.000000 0.000000 1.000000
0.893039 -0.226586 0.388768 0.000000 0.158363 0.966956 0.199794 9.527200 -0.421192 -0.116857 0.899412 -1.123700 0.000000 0.000000 0.000000 1.000000
0.882559 -0.223001 0.413957 0.000000 0.149356 0.967742 0.202901 9.527200 -0.445851 -0.117245 0.887395 -1.123700 0.000000 0.000000 0.000000 1.000000
0.883875 -0.224070 0.410557 0.000000 0.148454 0.966788 0.208043 9.527200 -0.443537 -0.122935 0.887785 -1.123700 0.000000 0.000000 0.000000 1.000000
0.896027 -0.222412 0.384277 -0.000000 0.155490 0.967868 0.197624 9.527200 -0.415883 -0.117325 0.901818 -1.123700 0.000000 0.000000 0.000000 1.000000
0.918126 -0.205403 0.338903 -0.000000 0.151706 0.972219 0.178258 9.527200 -0.366102 -0.112249 0.923780 -1.123700 0.000000 0.000000 0.000000 1.000000
0.944410 -0.169143 0.281924 0.000000 0.125619 0.978091 0.166004 9.527200 -0.303826 -0.121361 0.944966 -1.123700 0.000000 0.000000 0.000000 1.000000
0.968779 -0.121958 0.215857 0.000000 0.088505 0.983401 0.158399 9.527200 -0.231592 -0.134349 0.963491 -1.123700 0.000000 0.000000 0.000000 1.000000
0.987507 -0.070418 0.140967 -0.000000 0.048897 0.987370 0.150697 9.527200 -0.149798 -0.141921 0.978478 -1.123700 0.000000 0.000000 0.000000 1.000000
0.998075 -0.011351 0.060964 0.000000 0.001734 0.987829 0.155532 9.527200 -0.061988 -0.155127 0.985948 -1.123700 0.000000 0.000000 0.000000 1.000000
0.998478 0.050760 -0.021567 -0.000000 -0.046033 0.982406 0.180995 9.527200 0.030375 -0.179727 0.983248 -1.123700 0.000000 0.000000 0.000000 1.000000
0.989834 0.100922 -0.100214 -0.000000 -0.077715 0.973914 0.213196 9.527200 0.119116 -0.203241 0.971856 -1.123700 0.000000 0.000000 0.000000 1.000000
0.978659 0.126350 -0.162059 0.000000 -0.085339 0.967310 0.238809 9.527200 0.186935 -0.219882 0.957448 -1.123700 0.000000 0.000000 0.000000 1.000000
0.970934 0.129540 -0.201262 0.000000 -0.074143 0.962300 0.261692 9.527200 0.227574 -0.239163 0.943934 -1.123700 0.000000 0.000000 0.000000 1.000000
0.967369 0.120183 -0.223053 -0.000000 -0.053022 0.956875 0.285621 9.527200 0.247761 -0.264474 0.932024 -1.123700 0.000000 0.000000 0.000000 1.000000
0.967085 0.099741 -0.234090 0.000000 -0.024111 0.951754 0.305913 9.527200 0.253308 -0.290200 0.922832 -1.123700 0.000000 0.000000 0.000000 1.000000
0.968490 0.072004 -0.238416 -0.000000 0.008702 0.946928 0.321328 9.527200 0.248899 -0.313278 0.916464 -1.123700 0.000000 0.000000 0.000000 1.000000
0.971853 0.043552 -0.231529 0.000000 0.036337 0.943294 0.329965 9.527200 0.232770 -0.329090 0.915160 -1.123700 0.000000 0.000000 0.000000 1.000000
0.977948 0.011838 -0.208515 0.000000 0.059314 0.941539 0.331642 9.527200 0.200251 -0.336696 0.920073 -1.123700 0.000000 0.000000 0.000000 1.000000
0.985170 -0.033379 -0.168304 -0.000000 0.087965 0.940438 0.328388 9.527200 0.147318 -0.338323 0.929427 -1.123700 0.000000 0.000000 0.000000 1.000000
0.989122 -0.097587 -0.110065 0.000000 0.128410 0.937826 0.322479 9.527200 0.071752 -0.333105 0.940156 -1.123700 0.000000 0.000000 0.000000 1.000000
0.985260 -0.167965 -0.032423 0.000000 0.169574 0.933985 0.314510 9.527200 -0.022545 -0.315372 0.948700 -1.123700 0.000000 0.000000 0.000000 1.000000
0.972281 -0.226212 0.059135 0.000000 0.198764 0.932852 0.300465 9.527200 -0.123133 -0.280383 0.951958 -1.123700 0.000000 0.000000 0.000000 1.000000
0.953192 -0.262652 0.149797 0.000000 0.213873 0.935867 0.280020 9.527200 -0.213738 -0.234875 0.948235 -1.123700 0.000000 0.000000 0.000000 1.000000
0.933773 -0.277028 0.226547 0.000000 0.216998 0.941701 0.257120 9.527200 -0.284569 -0.190931 0.939450 -1.123700 0.000000 0.000000 0.000000 1.000000
0.919330 -0.270914 0.285373 0.000000 0.207065 0.949783 0.234599 9.527200 -0.334599 -0.156583 0.929261 -1.123700 0.000000 0.000000 0.000000 1.000000
0.910533 -0.260896 0.320723 0.000000 0.198215 0.956255 0.215145 9.527200 -0.362824 -0.132324 0.922415 -1.123700 0.000000 0.000000 0.000000 1.000000
0.907610 -0.260623 0.329120 0.000000 0.201359 0.958155 0.203455 9.527200 -0.368373 -0.118386 0.922110 -1.123700 0.000000 0.000000 0.000000 1.000000
0.909883 -0.269392 0.315500 0.000000 0.215592 0.956776 0.195193 9.527200 -0.354446 -0.109583 0.928633 -1.123700 0.000000 0.000000 0.000000 1.000000
0.917789 -0.276376 0.285097 0.000000 0.228584 0.954848 0.189776 9.527200 -0.324673 -0.109006 0.939524 -1.123700 0.000000 0.000000 0.000000 1.000000
0.932822 -0.265845 0.243247 0.000000 0.223132 0.956217 0.189369 9.527200 -0.282940 -0.122371 0.951299 -1.123700 0.000000 0.000000 0.000000 1.000000
0.954427 -0.228707 0.191735 0.000000 0.192844 0.962922 0.188658 9.527200 -0.227773 -0.143085 0.963144 -1.123700 0.000000 0.000000 0.000000 1.000000
0.976215 -0.172720 0.131043 0.000000 0.146562 0.971138 0.188175 9.527200 -0.159762 -0.164493 0.973354 -1.123700 0.000000 0.000000 0.000000 1.000000
0.991387 -0.113723 0.064956 0.000000 0.099223 0.975925 0.194229 9.527200 -0.085481 -0.186111 0.978803 -1.123700 0.000000 0.000000 0.000000 1.000000
0.997990 -0.063203 -0.004719 0.000000 0.062834 0.976901 0.204247 9.527200 -0.008299 -0.204133 0.978908 -1.123700 0.000000 0.000000 0.000000 1.000000
0.996882 -0.027066 -0.074120 0.000000 0.042691 0.974982 0.218144 9.527200 0.066361 -0.220628 0.973098 -1.123700 0.000000 0.000000 0.000000 1.000000
0.991065 -0.008795 -0.133088 -0.000000 0.041068 0.969469 0.241752 9.527200 0.126898 -0.245058 0.961168 -1.123700 0.000000 0.000000 0.000000 1.000000
0.985257 0.001583 -0.171075 0.000000 0.045342 0.961784 0.270030 9.527200 0.164965 -0.273806 0.947532 -1.123700 0.000000 0.000000 0.000000 1.000000</float_array>
        <technique_common>
          <accessor source="#mixamorig_Spine-Matrix-animation-output-transform-array" count="72" stride="16">
            <param type="float4x4"/>
          </accessor>
        </technique_common>
      </source>
      <source id="mixamorig_Spine-Interpolations">
        <Name_array id="mixamorig_Spine-Interpolations-array" count="72">
 LINEAR LINEAR LINEAR LINEAR LINEAR LINEAR LINEAR LINEAR LINEAR LINEAR LINEAR
LINEAR LINEAR LINEAR LINEAR LINEAR LINEAR LINEAR LINEAR LINEAR LINEAR LINEAR LINEAR
LINEAR LINEAR LINEAR LINEAR LINEAR LINEAR LINEAR LINEAR LINEAR LINEAR LINEAR LINEAR
LINEAR LINEAR LINEAR LINEAR LINEAR LINEAR LINEAR LINEAR LINEAR LINEAR LINEAR LINEAR
LINEAR LINEAR LINEAR LINEAR LINEAR LINEAR LINEAR LINEAR LINEAR LINEAR LINEAR LINEAR
LINEAR LINEAR LINEAR LINEAR LINEAR LINEAR LINEAR LINEAR LINEAR LINEAR LINEAR LINEAR
LINEAR</Name_array>
        <technique_common>
          <accessor source="#mixamorig_Spine-Interpolations-array" count="72">
            <param type="name"/>
          </accessor>
        </technique_common>
      </source>
      <sampler id="mixamorig_Spine-Matrix-animation-transform">
        <input semantic="INPUT" source="#mixamorig_Spine-Matrix-animation-input"/>
        <input semantic="OUTPUT" source="#mixamorig_Spine-Matrix-animation-output-transform"/>
        <input semantic="INTERPOLATION" source="#mixamorig_Spine-Interpolations"/>
      </sampler>
      <channel source="#mixamorig_Spine-Matrix-animation-transform" target="mixamorig_Spine/matrix"/>
    </animation>
    <animation id="mixamorig_Spine1-anim" name="mixamorig_Spine1">
      <source id="mixamorig_Spine1-Matrix-animation-input">
        <float_array id="mixamorig_Spine1-Matrix-animation-input-array" count="72">

0.000000 0.033333 0.066667 0.100000 0.133333 0.166667 0.200000 0.233333 0.266667 0.300000 0.333333 0.366667 0.400000 0.433333 0.466667 0.500000
0.533333 0.566667 0.600000 0.633333 0.666667 0.700000 0.733333 0.766667 0.800000 0.833333 0.866667 0.900000 0.933333 0.966667 1.000000 1.033333
1.066667 1.100000 1.133333 1.166667 1.200000 1.233333 1.266667 1.300000 1.333333 1.366667 1.400000 1.433333 1.466667 1.500000 1.533333 1.566667
1.600000 1.633333 1.666667 1.700000 1.733333 1.766667 1.800000 1.833333 1.866667 1.900000 1.933333 1.966667 2.000000 2.033333 2.066667 2.100000
2.133333 2.166667 2.200000 2.233333 2.266667 2.300000 2.333333 2.366667</float_array>
        <technique_common>
          <accessor source="#mixamorig_Spine1-Matrix-animation-input-array" count="72">
            <param name="TIME" type="float"/>
          </accessor>
        </technique_common>
      </source>
      <source id="mixamorig_Spine1-Matrix-animation-output-transform">
        <float_array id="mixamorig_Spine1-Matrix-animation-output-transform-array" count="1152">

0.999600 0.008518 -0.026970 -0.000000 -0.010672 0.996677 -0.080756 11.192100 0.026193 0.081012 0.996369 0.000000 0.000000 0.000000 0.000000 1.000000
0.999155 -0.027619 -0.030453 -0.000000 0.024726 0.995487 -0.091619 11.192100 0.032846 0.090789 0.995328 0.000000 0.000000 0.000000 0.000000 1.000000
0.998651 -0.043207 -0.028809 0.000000 0.040403 0.994970 -0.091661 11.192100 0.032625 0.090373 0.995373 0.000000 0.000000 0.000000 0.000000 1.000000
0.998805 -0.043017 -0.023218 0.000000 0.040935 0.995647 -0.083730 11.192100 0.026718 0.082679 0.996218 0.000000 0.000000 0.000000 0.000000 1.000000
0.999021 -0.041624 -0.014985 -0.000000 0.040389 0.996368 -0.074962 11.192100 0.018051 0.074284 0.997074 -0.000000 0.000000 0.000000 0.000000 1.000000
0.999267 -0.037688 -0.006727 0.000000 0.037135 0.996924 -0.069016 11.192100 0.009307 0.068715 0.997593 -0.000000 0.000000 0.000000 0.000000 1.000000
0.998198 -0.059449 -0.008113 0.000000 0.058595 0.994964 -0.081322 11.192100 0.012906 0.080700 0.996655 0.000000 0.000000 0.000000 0.000000 1.000000
0.997530 -0.069929 -0.006652 -0.000000 0.069034 0.993439 -0.091175 11.192100 0.012984 0.090491 0.995813 0.000000 0.000000 0.000000 0.000000 1.000000
0.999226 -0.039049 0.004823 0.000000 0.039320 0.995441 -0.086900 11.192100 -0.001408 0.087023 0.996205 -0.000000 0.000000 0.000000 0.000000 1.000000
0.999722 0.012201 0.020195 0.000000 -0.010722 0.997361 -0.071806 11.192100 -0.021018 0.071569 0.997214 0.000000 0.000000 0.000000 0.000000 1.000000
0.997476 0.061144 0.036094 0.000000 -0.059230 0.996894 -0.051907 11.192100 -0.039156 0.049638 0.997999 0.000000 0.000000 0.000000 0.000000 1.000000
0.993204 0.105163 0.049872 0.000000 -0.103114 0.993781 -0.042031 11.192100 -0.053982 0.036603 0.997871 0.000000 0.000000 0.000000 0.000000 1.000000
0.987855 0.143753 0.058974 0.000000 -0.140946 0.988789 -0.049300 11.192100 -0.065400 0.040389 0.997041 0.000000 0.000000 0.000000 0.000000 1.000000
0.983365 0.170468 0.062715 0.000000 -0.166592 0.984036 -0.062609 11.192100 -0.072387 0.051120 0.996066 0.000000 0.000000 0.000000 0.000000 1.000000
0.980343 0.187242 0.062195 0.000000 -0.183004 0.980754 -0.068047 11.192100 -0.073740 0.055327 0.995742 -0.000000 0.000000 0.000000 0.000000 1.000000
0.978129 0.199725 0.058084 0.000000 -0.195937 0.978464 -0.064938 11.192100 -0.069803 0.052137 0.996197 0.000000 0.000000 0.000000 0.000000 1.000000
0.977990 0.202209 0.051450 0.000000 -0.199226 0.978251 -0.057732 11.192100 -0.062005 0.046211 0.997005 -0.000000 0.000000 0.000000 0.000000 1.000000
0.980602 0.191247 0.042950 -0.000000 -0.189180 0.980771 -0.047956 11.192100 -0.051296 0.038901 0.997926 -0.000000 0.000000 0.000000 0.000000 1.000000
0.984314 0.173518 0.031888 0.000000 -0.172336 0.984353 -0.036725 11.192100 -0.037762 0.030653 0.998817 0.000000 0.000000 0.000000 0.000000 1.000000
0.988030 0.153151 0.018483 0.000000 -0.152588 0.987870 -0.028814 11.192100 -0.022672 0.025649 0.999414 0.000000 0.000000 0.000000 0.000000 1.000000
0.991822 0.127559 0.004290 0.000000 -0.127383 0.991427 -0.029073 11.192100 -0.007962 0.028289 0.999568 0.000000 0.000000 0.000000 0.000000 1.000000
0.995076 0.098794 -0.007920 0.000000 -0.099014 0.994458 -0.035361 11.192100 0.004382 0.035972 0.999343 0.000000 0.000000 0.000000 0.000000 1.000000
0.997510 0.068557 -0.016542 0.000000 -0.069199 0.996720 -0.041969 11.192100 0.013610 0.043009 0.998982 0.000000 0.000000 0.000000 0.000000 1.000000
0.999296 0.028872 -0.023946 0.000000 -0.030070 0.998231 -0.051291 11.192100 0.022423 0.051975 0.998397 0.000000 0.000000 0.000000 0.000000 1.000000
0.999167 -0.025729 -0.031689 0.000000 0.023489 0.997330 -0.069144 11.192100 0.033383 0.068342 0.997103 -0.000000 0.000000 0.000000 0.000000 1.000000
0.996031 -0.080941 -0.037017 0.000000 0.077570 0.993368 -0.084875 11.192100 0.043641 0.081666 0.995704 0.000000 0.000000 0.000000 0.000000 1.000000
0.992756 -0.114205 -0.037315 -0.000000 0.110618 0.990038 -0.087109 11.192100 0.046891 0.082350 0.995500 0.000000 0.000000 0.000000 0.000000 1.000000
0.991994 -0.122402 -0.031075 0.000000 0.119348 0.989110 -0.086121 11.192100 0.041278 0.081723 0.995800 0.000000 0.000000 0.000000 0.000000 1.000000
0.992945 -0.116894 -0.019886 0.000000 0.114653 0.989284 -0.090393 11.192100 0.030239 0.087476 0.995708 0.000000 0.000000 0.000000 0.000000 1.000000
0.994785 -0.101787 -0.006504 0.000000 0.100702 0.990297 -0.095763 11.192100 0.016188 0.094609 0.995383 0.000000 0.000000 0.000000 0.000000 1.000000
0.997365 -0.072007 0.008839 -0.000000 0.072530 0.992367 -0.099735 11.192100 -0.001590 0.100113 0.994975 0.000000 0.000000 0.000000 0.000000 1.000000
0.999085 -0.034730 0.024970 0.000000 0.037029 0.994454 -0.098438 11.192100 -0.021413 0.099272 0.994830 0.000000 0.000000 0.000000 0.000000 1.000000
0.999200 0.000320 0.039995 0.000000 0.003314 0.995869 -0.090743 11.192100 -0.039858 0.090803 0.995071 0.000000 0.000000 0.000000 0.000000 1.000000
0.997848 0.036645 0.054381 0.000000 -0.032143 0.996158 -0.081466 11.192100 -0.057157 0.079543 0.995191 0.000000 0.000000 0.000000 0.000000 1.000000
0.994758 0.075730 0.068718 -0.000000 -0.070743 0.994869 -0.072320 11.192100 -0.073842 0.067080 0.995011 0.000000 0.000000 0.000000 0.000000 1.000000
0.990667 0.110143 0.080293 -0.000000 -0.104782 0.992155 -0.068190 11.192100 -0.087174 0.059140 0.994436 0.000000 0.000000 0.000000 0.000000 1.000000
0.986690 0.138211 0.085674 -0.000000 -0.132019 0.988468 -0.074180 11.192100 -0.094939 0.061882 0.993558 0.000000 0.000000 0.000000 0.000000 1.000000
0.982533 0.165177 0.085702 0.000000 -0.158224 0.983954 -0.082457 11.192100 -0.097947 0.067457 0.992903 0.000000 0.000000 0.000000 0.000000 1.000000
0.978348 0.189887 0.082325 0.000000 -0.183054 0.979517 -0.083896 11.192100 -0.096569 0.067010 0.993068 0.000000 0.000000 0.000000 0.000000 1.000000
0.975255 0.207811 0.075446 0.000000 -0.201568 0.975977 -0.082697 11.192100 -0.090819 0.065444 0.993715 0.000000 0.000000 0.000000 0.000000 1.000000
0.974935 0.212730 0.065179 0.000000 -0.207197 0.974823 -0.082399 11.192100 -0.081066 0.066829 0.994466 0.000000 0.000000 0.000000 0.000000 1.000000
0.977512 0.204118 0.052979 0.000000 -0.199898 0.976902 -0.075514 11.192100 -0.067169 0.063225 0.995736 0.000000 0.000000 0.000000 0.000000 1.000000
0.982197 0.183714 0.039227 0.000000 -0.181121 0.981520 -0.061758 11.192100 -0.049848 0.053554 0.997320 0.000000 0.000000 0.000000 0.000000 1.000000
0.988135 0.151915 0.022606 0.000000 -0.150592 0.987237 -0.051823 11.192100 -0.030190 0.047804 0.998400 0.000000 0.000000 0.000000 0.000000 1.000000
0.993549 0.113350 0.003371 0.000000 -0.113025 0.992238 -0.051858 11.192100 -0.009223 0.051143 0.998649 0.000000 0.000000 0.000000 0.000000 1.000000
0.997383 0.070635 -0.015445 -0.000000 -0.071412 0.995790 -0.057473 11.192100 0.011320 0.058425 0.998228 0.000000 0.000000 0.000000 0.000000 1.000000
0.999226 0.025263 -0.030137 0.000000 -0.027162 0.997555 -0.064386 11.192100 0.028437 0.065155 0.997470 0.000000 0.000000 0.000000 0.000000 1.000000
0.999068 -0.017890 -0.039285 0.000000 0.014996 0.997235 -0.072778 11.192100 0.040478 0.072121 0.996574 -0.000000 0.000000 0.000000 0.000000 1.000000
0.997517 -0.055192 -0.043748 -0.000000 0.051443 0.995252 -0.082621 11.192100 0.048100 0.080166 0.995620 0.000000 0.000000 0.000000 0.000000 1.000000
0.995555 -0.082948 -0.044608 0.000000 0.078505 0.992518 -0.093519 11.192100 0.052031 0.089601 0.994618 0.000000 0.000000 0.000000 0.000000 1.000000
0.994017 -0.100394 -0.043020 0.000000 0.095404 0.989829 -0.105527 11.192100 0.053177 0.100792 0.993485 0.000000 0.000000 0.000000 0.000000 1.000000
0.992908 -0.112121 -0.039529 -0.000000 0.107008 0.987730 -0.113747 11.192100 0.051797 0.108710 0.992723 0.000000 0.000000 0.000000 0.000000 1.000000
0.992474 -0.117694 -0.033826 -0.000000 0.113104 0.986881 -0.115212 11.192100 0.046942 0.110519 0.992765 0.000000 0.000000 0.000000 0.000000 1.000000
0.993352 -0.112341 -0.025126 -0.000000 0.108862 0.987697 -0.112270 11.192100 0.037429 0.108789 0.993360 -0.000000 0.000000 0.000000 0.000000 1.000000
0.995389 -0.095065 -0.012805 0.000000 0.093176 0.989942 -0.106456 11.192100 0.022796 0.104772 0.994235 -0.000000 0.000000 0.000000 0.000000 1.000000
0.997656 -0.068388 0.002557 -0.000000 0.068320 0.993096 -0.095354 11.192100 0.003982 0.095305 0.995440 0.000000 0.000000 0.000000 0.000000 1.000000
0.999167 -0.035908 0.019403 0.000000 0.037330 0.996198 -0.078711 11.192100 -0.016503 0.079369 0.996709 0.000000 0.000000 0.000000 0.000000 1.000000
0.999350 -0.005745 0.035594 0.000000 0.007944 0.998047 -0.061961 11.192100 -0.035168 0.062204 0.997444 0.000000 0.000000 0.000000 0.000000 1.000000
0.998623 0.018196 0.049202 0.000000 -0.015791 0.998682 -0.048832 11.192100 -0.050025 0.047988 0.997594 0.000000 0.000000 0.000000 0.000000 1.000000
0.997226 0.044006 0.060029 0.000000 -0.041670 0.998345 -0.039627 11.192100 -0.061673 0.037016 0.997410 0.000000 0.000000 0.000000 0.000000 1.000000
0.994427 0.080396 0.068198 0.000000 -0.078034 0.996277 -0.036634 11.192100 -0.070889 0.031108 0.996999 0.000000 0.000000 0.000000 0.000000 1.000000
0.989312 0.126267 0.072931 0.000000 -0.123629 0.991537 -0.039630 11.192100 -0.077318 0.030190 0.996549 0.000000 0.000000 0.000000 0.000000 1.000000
0.982001 0.173681 0.074225 -0.000000 -0.170901 0.984378 -0.042335 11.192100 -0.080418 0.028888 0.996343 -0.000000 0.000000 0.000000 0.000000 1.000000
0.974943 0.210522 0.071876 0.000000 -0.207716 0.977173 -0.044583 11.192100 -0.079621 0.028536 0.996417 0.000000 0.000000 0.000000 0.000000 1.000000
0.971912 0.226047 0.065493 0.000000 -0.223285 0.973624 -0.046906 11.192100 -0.074369 0.030965 0.996750 -0.000000 0.000000 0.000000 0.000000 1.000000
0.974225 0.218683 0.055343 0.000000 -0.216256 0.975221 -0.046656 11.192100 -0.064175 0.033486 0.997377 0.000000 0.000000 0.000000 0.000000 1.000000
0.979828 0.195347 0.042152 0.000000 -0.193503 0.980106 -0.044144 11.192100 -0.049937 0.035097 0.998136 0.000000 0.000000 0.000000 0.000000 1.000000
0.986185 0.163431 0.027011 -0.000000 -0.162184 0.985811 -0.043268 11.192100 -0.033699 0.038290 0.998698 -0.000000 0.000000 0.000000 0.000000 1.000000
0.992165 0.124477 0.010713 0.000000 -0.123861 0.991226 -0.046143 11.192100 -0.016363 0.044454 0.998877 0.000000 0.000000 0.000000 0.000000 1.000000
0.996621 0.081955 -0.005391 0.000000 -0.082126 0.995198 -0.053250 11.192100 0.001001 0.053512 0.998567 0.000000 0.000000 0.000000 0.000000 1.000000
0.998824 0.044822 -0.018499 0.000000 -0.045948 0.996777 -0.065764 11.192100 0.015492 0.066536 0.997664 -0.000000 0.000000 0.000000 0.000000 1.000000
0.999600 0.008518 -0.026970 -0.000000 -0.010672 0.996677 -0.080756 11.192100 0.026193 0.081012 0.996369 0.000000 0.000000 0.000000 0.000000 1.000000</float_array>
        <technique_common>
          <accessor source="#mixamorig_Spine1-Matrix-animation-output-transform-array" count="72" stride="16">
            <param type="float4x4"/>
          </accessor>
        </technique_common>
      </source>
      <source id="mixamorig_Spine1-Interpolations">
        <Name_array id="mixamorig_Spine1-Interpolations-array" count="72">
 LINEAR LINEAR LINEAR LINEAR LINEAR LINEAR LINEAR LINEAR LINEAR LINEAR LINEAR
LINEAR LINEAR LINEAR LINEAR LINEAR LINEAR LINEAR LINEAR LINEAR LINEAR LINEAR LINEAR
